#Time,Time_usec,ProducerName,component_id,job_id,app_id,MemTotal,MemFree,MemAvailable,Buffers,Cached,SwapCached,Active,Inactive,Active(anon),Inactive(anon),Active(file),Inactive(file),Unevictable,Mlocked,SwapTotal,SwapFree,Zswap,Zswapped,Dirty,Writeback,AnonPages,Mapped,Shmem,KReclaimable,Slab,SReclaimable,SUnreclaim,KernelStack,PageTables,SecPageTables,NFS_Unstable,Bounce,WritebackTmp,CommitLimit,Committed_AS,VmallocTotal,VmallocUsed,VmallocChunk,Percpu,HardwareCorrupted,AnonHugePages,ShmemHugePages,ShmemPmdMapped,FileHugePages,FilePmdMapped,Unaccepted,HugePages_Total,HugePages_Free,HugePages_Rsvd,HugePages_Surp,Hugepagesize,Hugetlb,DirectMap4k,DirectMap2M,DirectMap1G
1781124848.001226,1226,ubuntu-rog,1,0,0,65683160,38024228,62097064,412288,22223660,580,2896652,20861168,1118900,25796,1777752,20835372,0,0,8388604,8387580,0,0,340,0,1122016,442092,22848,2190372,2963032,2190372,772660,15184,31664,0,0,0,0,41230184,5213984,34359738367,87516,0,81680,0,0,0,0,0,0,0,0,0,0,0,2048,0,1600272,50669568,15728640
1781124849.001964,1964,ubuntu-rog,1,0,0,65683160,38024824,62097672,412316,22223672,580,2896860,20861180,1119108,25796,1777752,20835384,0,0,8388604,8387580,0,0,476,0,1122068,442092,22848,2190372,2963032,2190372,772660,15184,31664,0,0,0,0,41230184,5214008,34359738367,87516,0,81680,0,0,0,0,0,0,0,0,0,0,0,2048,0,1600272,50669568,15728640
1781124850.002296,2296,ubuntu-rog,1,0,0,65683160,38025180,62098028,412324,22223664,580,2896860,20861180,1119108,25796,1777752,20835384,0,0,8388604,8387580,0,0,476,0,1122068,442092,22848,2190372,2963032,2190372,772660,15184,31664,0,0,0,0,41230184,5214008,34359738367,87516,0,81680,0,0,0,0,0,0,0,0,0,0,0,2048,0,1600272,50669568,15728640
1781124851.001835,1835,ubuntu-rog,1,0,0,65683160,38025180,62098028,412324,22223664,580,2896860,20861180,1119108,25796,1777752,20835384,0,0,8388604,8387580,0,0,476,0,1122068,442092,22848,2190372,2963012,2190372,772640,15184,31664,0,0,0,0,41230184,5213988,34359738367,87516,0,81680,0,0,0,0,0,0,0,0,0,0,0,2048,0,1600272,50669568,15728640
1781124852.001821,1821,ubuntu-rog,1,0,0,65683160,38026108,62098956,412324,22223672,580,2896956,20861180,1119204,25796,1777752,20835384,0,0,8388604,8387580,0,0,476,0,1122076,442092,22848,2190372,2963000,2190372,772628,15184,31664,0,0,0,0,41230184,5213988,34359738367,87516,0,81680,0,0,0,0,0,0,0,0,0,0,0,2048,0,1600272,50669568,15728640
1781124853.002036,2036,ubuntu-rog,1,0,0,65683160,38026360,62099216,412324,22223676,580,2897020,20861188,1119268,25796,1777752,20835392,0,0,8388604,8387580,0,0,444,0,1122084,442092,22848,2190372,2963000,2190372,772628,15184,31664,0,0,0,0,41230184,5214008,34359738367,87516,0,81680,0,0,0,0,0,0,0,0,0,0,0,2048,0,1600272,50669568,15728640
1781124854.001788,1788,ubuntu-rog,1,0,0,65683160,38026376,62099232,412324,22223680,580,2897020,20861188,1119268,25796,1777752,20835392,0,0,8388604,8387580,0,0,452,0,1122084,442092,22848,2190372,2963000,2190372,772628,15184,31664,0,0,0,0,41230184,5214008,34359738367,87516,0,81680,0,0,0,0,0,0,0,0,0,0,0,2048,0,1600272,50669568,15728640
1781124855.002114,2114,ubuntu-rog,1,0,0,65683160,38026344,62099200,412324,22223680,580,2897020,20861188,1119268,25796,1777752,20835392,0,0,8388604,8387580,0,0,452,0,1122116,442092,22848,2190372,2962984,2190372,772612,15184,31664,0,0,0,0,41230184,5214008,34359738367,87516,0,81680,0,0,0,0,0,0,0,0,0,0,0,2048,0,1600272,50669568,15728640
1781124856.001642,1642,ubuntu-rog,1,0,0,65683160,38026596,62099452,412332,22223672,580,2897020,20861188,1119268,25796,1777752,20835392,0,0,8388604,8387580,0,0,452,0,1122116,442092,22848,2190372,2962984,2190372,772612,15184,31664,0,0,0,0,41230184,5214008,34359738367,87516,0,81680,0,0,0,0,0,0,0,0,0,0,0,2048,0,1600272,50669568,15728640
1781124857.002593,2593,ubuntu-rog,1,0,0,65683160,38026596,62099452,412332,22223672,580,2897020,20861188,1119268,25796,1777752,20835392,0,0,8388604,8387580,0,0,452,0,1122116,442092,22848,2190372,2962984,2190372,772612,15184,31664,0,0,0,0,41230184,5214008,34359738367,87516,0,81680,0,0,0,0,0,0,0,0,0,0,0,2048,0,1600272,50669568,15728640
1781124858.001790,1790,ubuntu-rog,1,0,0,65683160,38026372,62099228,412332,22223684,580,2897044,20861188,1119292,25796,1777752,20835392,0,0,8388604,8387580,0,0,464,0,1122124,442092,22848,2190372,2962984,2190372,772612,15184,31664,0,0,0,0,41230184,5214008,34359738367,87516,0,81680,0,0,0,0,0,0,0,0,0,0,0,2048,0,1600272,50669568,15728640
1781124859.001559,1559,ubuntu-rog,1,0,0,65683160,38026624,62099496,412332,22223692,580,2897148,20861204,1119396,25796,1777752,20835408,0,0,8388604,8387580,0,0,472,0,1122124,442092,22848,2190372,2962984,2190372,772612,15184,31664,0,0,0,0,41230184,5214008,34359738367,87516,0,81680,0,0,0,0,0,0,0,0,0,0,0,2048,0,1600272,50669568,15728640
1781124860.001855,1855,ubuntu-rog,1,0,0,65683160,38026624,62099496,412332,22223692,580,2897148,20861204,1119396,25796,1777752,20835408,0,0,8388604,8387580,0,0,472,0,1122124,442092,22848,2190372,2962984,2190372,772612,15184,31664,0,0,0,0,41230184,5214008,34359738367,87516,0,81680,0,0,0,0,0,0,0,0,0,0,0,2048,0,1600272,50669568,15728640
1781124861.002413,2413,ubuntu-rog,1,0,0,65683160,38026624,62099496,412336,22223688,580,2897148,20861204,1119396,25796,1777752,20835408,0,0,8388604,8387580,0,0,472,0,1122124,442092,22848,2190372,2962984,2190372,772612,15184,31664,0,0,0,0,41230184,5214008,34359738367,87516,0,81680,0,0,0,0,0,0,0,0,0,0,0,2048,0,1600272,50669568,15728640
1781124862.002369,2369,ubuntu-rog,1,0,0,65683160,38026400,62099272,412336,22223700,580,2897148,20861204,1119396,25796,1777752,20835408,0,0,8388604,8387580,0,0,484,0,1122168,442092,22848,2190372,2962984,2190372,772612,15184,31664,0,0,0,0,41230184,5214008,34359738367,87516,0,81680,0,0,0,0,0,0,0,0,0,0,0,2048,0,1600272,50669568,15728640
1781124863.001559,1559,ubuntu-rog,1,0,0,65683160,38026400,62099272,412336,22223700,580,2897148,20861204,1119396,25796,1777752,20835408,0,0,8388604,8387580,0,0,484,0,1122168,442092,22848,2190372,2962984,2190372,772612,15184,31664,0,0,0,0,41230184,5214008,34359738367,87516,0,81680,0,0,0,0,0,0,0,0,0,0,0,2048,0,1600272,50669568,15728640
1781124864.001316,1316,ubuntu-rog,1,0,0,65683160,38026400,62099272,412336,22223700,580,2897148,20861204,1119396,25796,1777752,20835408,0,0,8388604,8387580,0,0,484,0,1122168,442092,22848,2190372,2962984,2190372,772612,15184,31664,0,0,0,0,41230184,5214008,34359738367,87516,0,81680,0,0,0,0,0,0,0,0,0,0,0,2048,0,1600272,50669568,15728640
1781124865.002591,2591,ubuntu-rog,1,0,0,65683160,38026400,62099272,412336,22223704,580,2897148,20861204,1119396,25796,1777752,20835408,0,0,8388604,8387580,0,0,488,0,1122188,442092,22848,2190372,2962984,2190372,772612,15184,31664,0,0,0,0,41230184,5214008,34359738367,87516,0,81680,0,0,0,0,0,0,0,0,0,0,0,2048,0,1600272,50669568,15728640
1781124866.002157,2157,ubuntu-rog,1,0,0,65683160,38026148,62099020,412344,22223700,580,2897272,20861204,1119520,25796,1777752,20835408,0,0,8388604,8387580,0,0,492,0,1122200,442092,22848,2190372,2962984,2190372,772612,15184,31664,0,0,0,0,41230184,5214008,34359738367,87516,0,81680,0,0,0,0,0,0,0,0,0,0,0,2048,0,1600272,50669568,15728640
1781124867.002122,2122,ubuntu-rog,1,0,0,65683160,38026148,62099020,412344,22223708,580,2897272,20861204,1119520,25796,1777752,20835408,0,0,8388604,8387580,0,0,492,0,1122200,442092,22848,2190372,2962984,2190372,772612,15184,31664,0,0,0,0,41230184,5214008,34359738367,87516,0,81680,0,0,0,0,0,0,0,0,0,0,0,2048,0,1600272,50669568,15728640
1781124868.001332,1332,ubuntu-rog,1,0,0,65683160,38026148,62099020,412344,22223708,580,2897272,20861204,1119520,25796,1777752,20835408,0,0,8388604,8387580,0,0,492,0,1122200,442092,22848,2190372,2962984,2190372,772612,15184,31664,0,0,0,0,41230184,5214008,34359738367,87516,0,81680,0,0,0,0,0,0,0,0,0,0,0,2048,0,1600272,50669568,15728640
1781124869.002094,2094,ubuntu-rog,1,0,0,65683160,38026148,62099020,412344,22223708,580,2897272,20861204,1119520,25796,1777752,20835408,0,0,8388604,8387580,0,0,492,0,1122200,442092,22848,2190372,2962984,2190372,772612,15184,31664,0,0,0,0,41230184,5214008,34359738367,87516,0,81680,0,0,0,0,0,0,0,0,0,0,0,2048,0,1600272,50669568,15728640
1781124870.002392,2392,ubuntu-rog,1,0,0,65683160,38026148,62099020,412344,22223716,580,2897272,20861204,1119520,25796,1777752,20835408,0,0,8388604,8387580,0,0,500,0,1122232,442092,22848,2190372,2962984,2190372,772612,15184,31664,0,0,0,0,41230184,5214008,34359738367,87516,0,81680,0,0,0,0,0,0,0,0,0,0,0,2048,0,1600272,50669568,15728640
1781124871.001921,1921,ubuntu-rog,1,0,0,65683160,38026148,62099020,412352,22223716,580,2897272,20861204,1119520,25796,1777752,20835408,0,0,8388604,8387580,0,0,500,0,1122232,442092,22848,2190372,2962984,2190372,772612,15184,31664,0,0,0,0,41230184,5214008,34359738367,87516,0,81680,0,0,0,0,0,0,0,0,0,0,0,2048,0,1600272,50669568,15728640
1781124872.001877,1877,ubuntu-rog,1,0,0,65683160,38026148,62099020,412352,22223720,580,2897272,20861204,1119520,25796,1777752,20835408,0,0,8388604,8387580,0,0,504,0,1122244,442092,22848,2190372,2962984,2190372,772612,15184,31664,0,0,0,0,41230184,5214008,34359738367,87516,0,81680,0,0,0,0,0,0,0,0,0,0,0,2048,0,1600272,50669568,15728640
1781124873.002100,2100,ubuntu-rog,1,0,0,65683160,38026148,62099020,412352,22223724,580,2897272,20861204,1119520,25796,1777752,20835408,0,0,8388604,8387580,0,0,508,0,1122256,442092,22848,2190372,2962984,2190372,772612,15184,31664,0,0,0,0,41230184,5214008,34359738367,87516,0,81680,0,0,0,0,0,0,0,0,0,0,0,2048,0,1600272,50669568,15728640
1781124874.001841,1841,ubuntu-rog,1,0,0,65683160,38026148,62099020,412352,22223724,580,2897272,20861204,1119520,25796,1777752,20835408,0,0,8388604,8387580,0,0,508,0,1122256,442092,22848,2190372,2962984,2190372,772612,15184,31664,0,0,0,0,41230184,5214156,34359738367,87516,0,81680,0,0,0,0,0,0,0,0,0,0,0,2048,0,1600272,50669568,15728640
1781124875.002176,2176,ubuntu-rog,1,0,0,65683160,38026148,62099020,412352,22223724,580,2897396,20861204,1119644,25796,1777752,20835408,0,0,8388604,8387580,0,0,508,0,1122436,442092,22848,2190372,2962984,2190372,772612,15184,31664,0,0,0,0,41230184,5214156,34359738367,87516,0,81680,0,0,0,0,0,0,0,0,0,0,0,2048,0,1600272,50669568,15728640
1781124876.001703,1703,ubuntu-rog,1,0,0,65683160,38026148,62099020,412356,22223720,580,2897396,20861204,1119644,25796,1777752,20835408,0,0,8388604,8387580,0,0,508,0,1122444,442092,22848,2190372,2962984,2190372,772612,15184,31664,0,0,0,0,41230184,5214156,34359738367,87516,0,81680,0,0,0,0,0,0,0,0,0,0,0,2048,0,1600272,50669568,15728640
1781124877.002652,2652,ubuntu-rog,1,0,0,65683160,38026148,62099052,412356,22223732,580,2897420,20861236,1119668,25796,1777752,20835440,0,0,8388604,8387580,0,0,132,4,1122456,442092,22848,2190372,2962968,2190372,772596,15184,31664,0,0,0,0,41230184,5214156,34359738367,87516,0,81680,0,0,0,0,0,0,0,0,0,0,0,2048,0,1600272,50669568,15728640
1781124878.001841,1841,ubuntu-rog,1,0,0,65683160,38026148,62099080,412356,22223732,580,2897460,20861264,1119708,25796,1777752,20835468,0,0,8388604,8387580,0,0,76,0,1122460,442092,22848,2190372,2962968,2190372,772596,15184,31664,0,0,0,0,41230184,5214156,34359738367,87516,0,81680,0,0,0,0,0,0,0,0,0,0,0,2048,0,1600272,50669568,15728640
1781124879.001565,1565,ubuntu-rog,1,0,0,65683160,38026148,62099080,412356,22223732,580,2897460,20861264,1119708,25796,1777752,20835468,0,0,8388604,8387580,0,0,76,0,1122476,442092,22848,2190372,2962960,2190372,772588,15184,31664,0,0,0,0,41230184,5214156,34359738367,87516,0,81680,0,0,0,0,0,0,0,0,0,0,0,2048,0,1600272,50669568,15728640
1781124880.001840,1840,ubuntu-rog,1,0,0,65683160,38026148,62099080,412356,22223736,580,2897460,20861264,1119708,25796,1777752,20835468,0,0,8388604,8387580,0,0,80,0,1122476,442092,22848,2190372,2962960,2190372,772588,15184,31664,0,0,0,0,41230184,5214156,34359738367,87516,0,81680,0,0,0,0,0,0,0,0,0,0,0,2048,0,1600272,50669568,15728640
1781124881.002398,2398,ubuntu-rog,1,0,0,65683160,38026148,62099080,412356,22223740,580,2897460,20861264,1119708,25796,1777752,20835468,0,0,8388604,8387580,0,0,84,0,1122476,442092,22848,2190372,2962960,2190372,772588,15184,31664,0,0,0,0,41230184,5214156,34359738367,87516,0,81680,0,0,0,0,0,0,0,0,0,0,0,2048,0,1600272,50669568,15728640
1781124882.002348,2348,ubuntu-rog,1,0,0,65683160,38026148,62099080,412356,22223740,580,2897460,20861264,1119708,25796,1777752,20835468,0,0,8388604,8387580,0,0,84,0,1122476,442092,22848,2190372,2962960,2190372,772588,15184,31664,0,0,0,0,41230184,5214156,34359738367,87516,0,81680,0,0,0,0,0,0,0,0,0,0,0,2048,0,1600272,50669568,15728640
1781124883.001538,1538,ubuntu-rog,1,0,0,65683160,38026148,62099080,412356,22223744,580,2897584,20861264,1119832,25796,1777752,20835468,0,0,8388604,8387580,0,0,60,0,1122504,442092,22848,2190372,2962960,2190372,772588,15184,31664,0,0,0,0,41230184,5214156,34359738367,87516,0,81680,0,0,0,0,0,0,0,0,0,0,0,2048,0,1600272,50669568,15728640
1781124884.001298,1298,ubuntu-rog,1,0,0,65683160,38026148,62099080,412356,22223744,580,2897584,20861264,1119832,25796,1777752,20835468,0,0,8388604,8387580,0,0,60,0,1122508,442092,22848,2190372,2962960,2190372,772588,15184,31664,0,0,0,0,41230184,5214156,34359738367,87516,0,81680,0,0,0,0,0,0,0,0,0,0,0,2048,0,1600272,50669568,15728640
1781124885.002601,2601,ubuntu-rog,1,0,0,65683160,38026148,62099080,412356,22223748,580,2897572,20861264,1119820,25796,1777752,20835468,0,0,8388604,8387580,0,0,68,0,1122512,442092,22848,2190372,2962960,2190372,772588,15184,31664,0,0,0,0,41230184,5214156,34359738367,87516,0,81680,0,0,0,0,0,0,0,0,0,0,0,2048,0,1600272,50669568,15728640
1781124886.002171,2171,ubuntu-rog,1,0,0,65683160,38026148,62099080,412356,22223756,580,2897572,20861264,1119820,25796,1777752,20835468,0,0,8388604,8387580,0,0,84,0,1122528,442092,22848,2190372,2962960,2190372,772588,15184,31664,0,0,0,0,41230184,5214156,34359738367,87516,0,81680,0,0,0,0,0,0,0,0,0,0,0,2048,0,1600272,50669568,15728640
1781124887.002125,2125,ubuntu-rog,1,0,0,65683160,38026148,62099080,412356,22223756,580,2897572,20861264,1119820,25796,1777752,20835468,0,0,8388604,8387580,0,0,84,0,1122528,442092,22848,2190372,2962960,2190372,772588,15184,31664,0,0,0,0,41230184,5214156,34359738367,87516,0,81680,0,0,0,0,0,0,0,0,0,0,0,2048,0,1600272,50669568,15728640
1781124888.001326,1326,ubuntu-rog,1,0,0,65683160,38026148,62099080,412356,22223756,580,2897572,20861264,1119820,25796,1777752,20835468,0,0,8388604,8387580,0,0,84,0,1122528,442092,22848,2190372,2962960,2190372,772588,15184,31664,0,0,0,0,41230184,5214156,34359738367,87516,0,81680,0,0,0,0,0,0,0,0,0,0,0,2048,0,1600272,50669568,15728640
1781124889.002082,2082,ubuntu-rog,1,0,0,65683160,38026148,62099080,412356,22223756,580,2897572,20861264,1119820,25796,1777752,20835468,0,0,8388604,8387580,0,0,84,0,1122536,442092,22848,2190372,2962960,2190372,772588,15184,31664,0,0,0,0,41230184,5214156,34359738367,87516,0,81680,0,0,0,0,0,0,0,0,0,0,0,2048,0,1600272,50669568,15728640
1781124890.002361,2361,ubuntu-rog,1,0,0,65683160,38026148,62099080,412356,22223756,580,2897572,20861264,1119820,25796,1777752,20835468,0,0,8388604,8387580,0,0,84,0,1122548,442092,22848,2190372,2962960,2190372,772588,15184,31664,0,0,0,0,41230184,5214156,34359738367,87516,0,81680,0,0,0,0,0,0,0,0,0,0,0,2048,0,1600272,50669568,15728640
1781124891.001888,1888,ubuntu-rog,1,0,0,65683160,38026148,62099080,412356,22223764,580,2897572,20861264,1119820,25796,1777752,20835468,0,0,8388604,8387580,0,0,92,0,1122560,442092,22848,2190372,2962960,2190372,772588,15184,31664,0,0,0,0,41230184,5214156,34359738367,87516,0,81680,0,0,0,0,0,0,0,0,0,0,0,2048,0,1600272,50669568,15728640
1781124892.001837,1837,ubuntu-rog,1,0,0,65683160,38026148,62099080,412356,22223764,580,2897572,20861264,1119820,25796,1777752,20835468,0,0,8388604,8387580,0,0,92,0,1122560,442092,22848,2190372,2962960,2190372,772588,15184,31664,0,0,0,0,41230184,5214156,34359738367,87516,0,81680,0,0,0,0,0,0,0,0,0,0,0,2048,0,1600272,50669568,15728640
1781124893.002070,2070,ubuntu-rog,1,0,0,65683160,38026148,62099080,412356,22223764,580,2897572,20861264,1119820,25796,1777752,20835468,0,0,8388604,8387580,0,0,92,0,1122572,442092,22848,2190372,2962960,2190372,772588,15184,31664,0,0,0,0,41230184,5214156,34359738367,87516,0,81680,0,0,0,0,0,0,0,0,0,0,0,2048,0,1600272,50669568,15728640
1781124894.001809,1809,ubuntu-rog,1,0,0,65683160,38026148,62099080,412356,22223764,580,2897572,20861264,1119820,25796,1777752,20835468,0,0,8388604,8387580,0,0,92,0,1122576,442092,22848,2190372,2962960,2190372,772588,15184,31664,0,0,0,0,41230184,5214156,34359738367,87516,0,81680,0,0,0,0,0,0,0,0,0,0,0,2048,0,1600272,50669568,15728640
1781124895.002121,2121,ubuntu-rog,1,0,0,65683160,38025644,62098576,412356,22223768,580,2897584,20861264,1119832,25796,1777752,20835468,0,0,8388604,8387580,0,0,96,0,1122632,442092,22848,2190372,2962960,2190372,772588,15184,31668,0,0,0,0,41230184,5214156,34359738367,87516,0,81680,0,0,0,0,0,0,0,0,0,0,0,2048,0,1600272,50669568,15728640
1781124896.001652,1652,ubuntu-rog,1,0,0,65683160,38025644,62098576,412364,22223772,580,2897584,20861264,1119832,25796,1777752,20835468,0,0,8388604,8387580,0,0,100,0,1122640,442092,22848,2190372,2962960,2190372,772588,15184,31668,0,0,0,0,41230184,5214156,34359738367,87516,0,81680,0,0,0,0,0,0,0,0,0,0,0,2048,0,1600272,50669568,15728640
1781124897.002599,2599,ubuntu-rog,1,0,0,65683160,38025644,62098576,412364,22223780,580,2897584,20861264,1119832,25796,1777752,20835468,0,0,8388604,8387580,0,0,108,0,1122664,442092,22848,2190372,2962960,2190372,772588,15184,31668,0,0,0,0,41230184,5214156,34359738367,87516,0,81680,0,0,0,0,0,0,0,0,0,0,0,2048,0,1600272,50669568,15728640
1781124898.001797,1797,ubuntu-rog,1,0,0,65683160,38025644,62098576,412364,22223780,580,2897584,20861264,1119832,25796,1777752,20835468,0,0,8388604,8387580,0,0,108,0,1122664,442092,22848,2190372,2962960,2190372,772588,15184,31668,0,0,0,0,41230184,5214156,34359738367,87516,0,81680,0,0,0,0,0,0,0,0,0,0,0,2048,0,1600272,50669568,15728640
1781124899.001553,1553,ubuntu-rog,1,0,0,65683160,38025644,62098576,412364,22223780,580,2897584,20861264,1119832,25796,1777752,20835468,0,0,8388604,8387580,0,0,108,0,1122664,442092,22848,2190372,2962960,2190372,772588,15184,31668,0,0,0,0,41230184,5214156,34359738367,87516,0,81680,0,0,0,0,0,0,0,0,0,0,0,2048,0,1600272,50669568,15728640
1781124900.001841,1841,ubuntu-rog,1,0,0,65683160,38025644,62098576,412364,22223784,580,2897708,20861264,1119956,25796,1777752,20835468,0,0,8388604,8387580,0,0,112,0,1122684,442092,22848,2190372,2962960,2190372,772588,15184,31668,0,0,0,0,41230184,5214156,34359738367,87516,0,81680,0,0,0,0,0,0,0,0,0,0,0,2048,0,1600272,50669568,15728640
1781124901.002394,2394,ubuntu-rog,1,0,0,65683160,38025644,62098576,412368,22223780,580,2897708,20861264,1119956,25796,1777752,20835468,0,0,8388604,8387580,0,0,112,0,1122684,442092,22848,2190372,2962960,2190372,772588,15184,31668,0,0,0,0,41230184,5214156,34359738367,87516,0,81680,0,0,0,0,0,0,0,0,0,0,0,2048,0,1600272,50669568,15728640
1781124902.002347,2347,ubuntu-rog,1,0,0,65683160,38025644,62098676,412368,22223788,580,2897840,20861364,1120088,25796,1777752,20835568,0,0,8388604,8387580,0,0,300,0,1122704,442156,22848,2190372,2962960,2190372,772588,15184,31672,0,0,0,0,41230184,5214156,34359738367,87516,0,81680,0,0,0,0,0,0,0,0,0,0,0,2048,0,1600272,50669568,15728640
1781124903.001547,1547,ubuntu-rog,1,0,0,65683160,38025644,62098676,412368,22223792,580,2897840,20861364,1120088,25796,1777752,20835568,0,0,8388604,8387580,0,0,304,0,1122716,442156,22848,2190372,2962960,2190372,772588,15184,31672,0,0,0,0,41230184,5214156,34359738367,87516,0,81680,0,0,0,0,0,0,0,0,0,0,0,2048,0,1600272,50669568,15728640
1781124904.001323,1323,ubuntu-rog,1,0,0,65683160,38025644,62098676,412368,22223792,580,2897840,20861364,1120088,25796,1777752,20835568,0,0,8388604,8387580,0,0,304,0,1122716,442156,22848,2190372,2962960,2190372,772588,15184,31672,0,0,0,0,41230184,5214156,34359738367,87516,0,81680,0,0,0,0,0,0,0,0,0,0,0,2048,0,1600272,50669568,15728640
1781124905.002612,2612,ubuntu-rog,1,0,0,65683160,38025644,62098676,412368,22223792,580,2897840,20861364,1120088,25796,1777752,20835568,0,0,8388604,8387580,0,0,304,0,1122716,442156,22848,2190372,2962960,2190372,772588,15184,31672,0,0,0,0,41230184,5214156,34359738367,87516,0,81680,0,0,0,0,0,0,0,0,0,0,0,2048,0,1600272,50669568,15728640
1781124906.002163,2163,ubuntu-rog,1,0,0,65683160,38025644,62098676,412372,22223788,580,2897840,20861364,1120088,25796,1777752,20835568,0,0,8388604,8387580,0,0,304,0,1122724,442156,22848,2190372,2962960,2190372,772588,15184,31672,0,0,0,0,41230184,5214156,34359738367,87516,0,81680,0,0,0,0,0,0,0,0,0,0,0,2048,0,1600272,50669568,15728640
1781124907.002109,2109,ubuntu-rog,1,0,0,65683160,38025644,62098676,412372,22223788,580,2897840,20861364,1120088,25796,1777752,20835568,0,0,8388604,8387580,0,0,304,0,1122736,442156,22848,2190372,2962960,2190372,772588,15184,31672,0,0,0,0,41230184,5214156,34359738367,87516,0,81680,0,0,0,0,0,0,0,0,0,0,0,2048,0,1600272,50669568,15728640
1781124908.001306,1306,ubuntu-rog,1,0,0,65683160,38025644,62098676,412380,22223800,580,2897884,20861364,1120132,25796,1777752,20835568,0,0,8388604,8387580,0,0,160,0,1122748,442156,22848,2190372,2962960,2190372,772588,15184,31672,0,0,0,0,41230184,5214156,34359738367,87516,0,81680,0,0,0,0,0,0,0,0,0,0,0,2048,0,1600272,50669568,15728640
1781124909.002068,2068,ubuntu-rog,1,0,0,65683160,38025644,62098676,412380,22223800,580,2897884,20861364,1120132,25796,1777752,20835568,0,0,8388604,8387580,0,0,160,0,1122752,442156,22848,2190372,2962960,2190372,772588,15184,31672,0,0,0,0,41230184,5214156,34359738367,87516,0,81680,0,0,0,0,0,0,0,0,0,0,0,2048,0,1600272,50669568,15728640
1781124910.002341,2341,ubuntu-rog,1,0,0,65683160,38025644,62098676,412380,22223808,580,2897884,20861364,1120132,25796,1777752,20835568,0,0,8388604,8387580,0,0,168,0,1122776,442156,22848,2190372,2962960,2190372,772588,15184,31672,0,0,0,0,41230184,5214156,34359738367,87516,0,81680,0,0,0,0,0,0,0,0,0,0,0,2048,0,1600272,50669568,15728640
1781124911.001877,1877,ubuntu-rog,1,0,0,65683160,38025644,62098688,412380,22223808,580,2897896,20861376,1120144,25796,1777752,20835580,0,0,8388604,8387580,0,0,164,0,1122780,442156,22848,2190372,2962960,2190372,772588,15184,31672,0,0,0,0,41230184,5214008,34359738367,87516,0,81680,0,0,0,0,0,0,0,0,0,0,0,2048,0,1600272,50669568,15728640
1781124912.001828,1828,ubuntu-rog,1,0,0,65683160,38025644,62098688,412380,22223808,580,2897768,20861376,1120016,25796,1777752,20835580,0,0,8388604,8387580,0,0,84,0,1122632,442156,22848,2190372,2962960,2190372,772588,15184,31672,0,0,0,0,41230184,5214008,34359738367,87516,0,81680,0,0,0,0,0,0,0,0,0,0,0,2048,0,1600272,50669568,15728640
1781124913.002048,2048,ubuntu-rog,1,0,0,65683160,38025644,62098688,412380,22223808,580,2897768,20861376,1120016,25796,1777752,20835580,0,0,8388604,8387580,0,0,84,0,1122632,442156,22848,2190372,2962960,2190372,772588,15184,31672,0,0,0,0,41230184,5214008,34359738367,87516,0,81680,0,0,0,0,0,0,0,0,0,0,0,2048,0,1600272,50669568,15728640
1781124914.001791,1791,ubuntu-rog,1,0,0,65683160,38025644,62098688,412388,22223800,580,2897768,20861376,1120016,25796,1777752,20835580,0,0,8388604,8387580,0,0,84,0,1122632,442156,22848,2190372,2962960,2190372,772588,15184,31672,0,0,0,0,41230184,5214008,34359738367,87516,0,81680,0,0,0,0,0,0,0,0,0,0,0,2048,0,1600272,50669568,15728640
1781124915.002092,2092,ubuntu-rog,1,0,0,65683160,38025644,62098708,412388,22223816,580,2897812,20861396,1120060,25796,1777752,20835600,0,0,8388604,8387580,0,0,96,0,1122656,442156,22848,2190372,2962936,2190372,772564,15184,31672,0,0,0,0,41230184,5214008,34359738367,87516,0,81680,0,0,0,0,0,0,0,0,0,0,0,2048,0,1600272,50669568,15728640
1781124916.001629,1629,ubuntu-rog,1,0,0,65683160,38025644,62098708,412388,22223816,580,2897812,20861396,1120060,25796,1777752,20835600,0,0,8388604,8387580,0,0,96,0,1122656,442156,22848,2190372,2962936,2190372,772564,15184,31672,0,0,0,0,41230184,5214008,34359738367,87516,0,81680,0,0,0,0,0,0,0,0,0,0,0,2048,0,1600272,50669568,15728640
1781124917.002585,2585,ubuntu-rog,1,0,0,65683160,38025644,62098708,412388,22223820,580,2897936,20861396,1120184,25796,1777752,20835600,0,0,8388604,8387580,0,0,100,0,1122668,442156,22848,2190372,2962936,2190372,772564,15184,31672,0,0,0,0,41230184,5214008,34359738367,87516,0,81680,0,0,0,0,0,0,0,0,0,0,0,2048,0,1600272,50669568,15728640
1781124918.001786,1786,ubuntu-rog,1,0,0,65683160,38025644,62098708,412388,22223824,580,2897936,20861396,1120184,25796,1777752,20835600,0,0,8388604,8387580,0,0,104,0,1122676,442156,22848,2190372,2962936,2190372,772564,15184,31672,0,0,0,0,41230184,5214008,34359738367,87516,0,81680,0,0,0,0,0,0,0,0,0,0,0,2048,0,1600272,50669568,15728640
1781124919.001555,1555,ubuntu-rog,1,0,0,65683160,38025644,62098712,412392,22223824,580,2897936,20861400,1120184,25796,1777752,20835604,0,0,8388604,8387580,0,0,12,0,1122676,442156,22848,2190372,2962936,2190372,772564,15184,31672,0,0,0,0,41230184,5214008,34359738367,87516,0,81680,0,0,0,0,0,0,0,0,0,0,0,2048,0,1600272,50669568,15728640
1781124920.001835,1835,ubuntu-rog,1,0,0,65683160,38025644,62098712,412392,22223824,580,2897936,20861400,1120184,25796,1777752,20835604,0,0,8388604,8387580,0,0,12,0,1122676,442156,22848,2190372,2962936,2190372,772564,15184,31672,0,0,0,0,41230184,5214008,34359738367,87516,0,81680,0,0,0,0,0,0,0,0,0,0,0,2048,0,1600272,50669568,15728640
1781124921.002393,2393,ubuntu-rog,1,0,0,65683160,38025644,62098712,412392,22223828,580,2897936,20861400,1120184,25796,1777752,20835604,0,0,8388604,8387580,0,0,20,0,1122700,442156,22848,2190372,2962936,2190372,772564,15184,31672,0,0,0,0,41230184,5214008,34359738367,87516,0,81680,0,0,0,0,0,0,0,0,0,0,0,2048,0,1600272,50669568,15728640
1781124922.002343,2343,ubuntu-rog,1,0,0,65683160,38025644,62098712,412392,22223832,580,2897936,20861400,1120184,25796,1777752,20835604,0,0,8388604,8387580,0,0,28,0,1122712,442156,22848,2190372,2962936,2190372,772564,15184,31672,0,0,0,0,41230184,5214008,34359738367,87516,0,81680,0,0,0,0,0,0,0,0,0,0,0,2048,0,1600272,50669568,15728640
1781124923.001545,1545,ubuntu-rog,1,0,0,65683160,38025644,62098712,412392,22223832,580,2897948,20861400,1120196,25796,1777752,20835604,0,0,8388604,8387580,0,0,28,0,1122716,442156,22848,2190372,2962936,2190372,772564,15184,31672,0,0,0,0,41230184,5214008,34359738367,87516,0,81680,0,0,0,0,0,0,0,0,0,0,0,2048,0,1600272,50669568,15728640
1781124924.001298,1298,ubuntu-rog,1,0,0,65683160,38025644,62098712,412396,22223828,580,2897948,20861400,1120196,25796,1777752,20835604,0,0,8388604,8387580,0,0,28,0,1122716,442156,22848,2190372,2962936,2190372,772564,15184,31672,0,0,0,0,41230184,5214008,34359738367,87516,0,81680,0,0,0,0,0,0,0,0,0,0,0,2048,0,1600272,50669568,15728640
1781124925.002584,2584,ubuntu-rog,1,0,0,65683160,38025644,62098712,412396,22223840,580,2897948,20861400,1120196,25796,1777752,20835604,0,0,8388604,8387580,0,0,56,0,1122740,442156,22848,2190372,2962936,2190372,772564,15184,31672,0,0,0,0,41230184,5214008,34359738367,87516,0,81680,0,0,0,0,0,0,0,0,0,0,0,2048,0,1600272,50669568,15728640
1781124926.002153,2153,ubuntu-rog,1,0,0,65683160,38025644,62098712,412396,22223840,580,2897948,20861400,1120196,25796,1777752,20835604,0,0,8388604,8387580,0,0,56,0,1122740,442156,22848,2190372,2962936,2190372,772564,15184,31672,0,0,0,0,41230184,5214008,34359738367,87516,0,81680,0,0,0,0,0,0,0,0,0,0,0,2048,0,1600272,50669568,15728640
1781124927.002100,2100,ubuntu-rog,1,0,0,65683160,38025644,62098712,412396,22223844,580,2897948,20861400,1120196,25796,1777752,20835604,0,0,8388604,8387580,0,0,60,0,1122748,442156,22848,2190372,2962936,2190372,772564,15184,31672,0,0,0,0,41230184,5214008,34359738367,87516,0,81680,0,0,0,0,0,0,0,0,0,0,0,2048,0,1600272,50669568,15728640
1781124928.001305,1305,ubuntu-rog,1,0,0,65683160,38025644,62098712,412396,22223844,580,2897948,20861400,1120196,25796,1777752,20835604,0,0,8388604,8387580,0,0,60,0,1122752,442156,22848,2190372,2962936,2190372,772564,15184,31672,0,0,0,0,41230184,5214008,34359738367,87516,0,81680,0,0,0,0,0,0,0,0,0,0,0,2048,0,1600272,50669568,15728640
1781124929.002066,2066,ubuntu-rog,1,0,0,65683160,38025644,62098712,412404,22223836,580,2897948,20861400,1120196,25796,1777752,20835604,0,0,8388604,8387580,0,0,60,0,1122764,442156,22848,2190372,2962936,2190372,772564,15184,31672,0,0,0,0,41230184,5214008,34359738367,87516,0,81680,0,0,0,0,0,0,0,0,0,0,0,2048,0,1600272,50669568,15728640
1781124930.002363,2363,ubuntu-rog,1,0,0,65683160,38025644,62098712,412404,22223848,580,2897948,20861400,1120196,25796,1777752,20835604,0,0,8388604,8387580,0,0,68,0,1122764,442156,22848,2190372,2962936,2190372,772564,15184,31672,0,0,0,0,41230184,5214008,34359738367,87516,0,81680,0,0,0,0,0,0,0,0,0,0,0,2048,0,1600272,50669568,15728640
1781124931.001886,1886,ubuntu-rog,1,0,0,65683160,38025644,62098712,412404,22223852,580,2897948,20861400,1120196,25796,1777752,20835604,0,0,8388604,8387580,0,0,72,0,1122780,442156,22848,2190372,2962936,2190372,772564,15184,31672,0,0,0,0,41230184,5214008,34359738367,87516,0,81680,0,0,0,0,0,0,0,0,0,0,0,2048,0,1600272,50669568,15728640
1781124932.001855,1855,ubuntu-rog,1,0,0,65683160,38025644,62098712,412404,22223852,580,2897948,20861400,1120196,25796,1777752,20835604,0,0,8388604,8387580,0,0,72,0,1122780,442156,22848,2190372,2962936,2190372,772564,15184,31672,0,0,0,0,41230184,5214008,34359738367,87516,0,81680,0,0,0,0,0,0,0,0,0,0,0,2048,0,1600272,50669568,15728640
1781124933.002067,2067,ubuntu-rog,1,0,0,65683160,38025644,62098712,412404,22223852,580,2897948,20861400,1120196,25796,1777752,20835604,0,0,8388604,8387580,0,0,72,0,1122780,442156,22848,2190372,2962936,2190372,772564,15184,31672,0,0,0,0,41230184,5214008,34359738367,87516,0,81680,0,0,0,0,0,0,0,0,0,0,0,2048,0,1600272,50669568,15728640
1781124934.001803,1803,ubuntu-rog,1,0,0,65683160,38025644,62098712,412408,22223848,580,2897948,20861400,1120196,25796,1777752,20835604,0,0,8388604,8387580,0,0,72,0,1122780,442156,22848,2190372,2962936,2190372,772564,15184,31672,0,0,0,0,41230184,5214008,34359738367,87516,0,81680,0,0,0,0,0,0,0,0,0,0,0,2048,0,1600272,50669568,15728640
1781124935.002120,2120,ubuntu-rog,1,0,0,65683160,38025644,62098712,412408,22223864,580,2898084,20861400,1120332,25796,1777752,20835604,0,0,8388604,8387580,0,0,76,0,1122816,442156,22848,2190372,2962936,2190372,772564,15184,31672,0,0,0,0,41230184,5214008,34359738367,87516,0,81680,0,0,0,0,0,0,0,0,0,0,0,2048,0,1600272,50669568,15728640
1781124936.001649,1649,ubuntu-rog,1,0,0,65683160,38025644,62098712,412408,22223868,580,2898084,20861400,1120332,25796,1777752,20835604,0,0,8388604,8387580,0,0,84,0,1122816,442156,22848,2190372,2962936,2190372,772564,15184,31672,0,0,0,0,41230184,5214008,34359738367,87516,0,81680,0,0,0,0,0,0,0,0,0,0,0,2048,0,1600272,50669568,15728640
1781124937.002606,2606,ubuntu-rog,1,0,0,65683160,38025644,62098712,412408,22223868,580,2898084,20861400,1120332,25796,1777752,20835604,0,0,8388604,8387580,0,0,84,0,1122816,442156,22848,2190372,2962936,2190372,772564,15184,31672,0,0,0,0,41230184,5214008,34359738367,87516,0,81680,0,0,0,0,0,0,0,0,0,0,0,2048,0,1600272,50669568,15728640
1781124938.001802,1802,ubuntu-rog,1,0,0,65683160,38025644,62098712,412408,22223868,580,2898084,20861400,1120332,25796,1777752,20835604,0,0,8388604,8387580,0,0,84,0,1122816,442156,22848,2190372,2962936,2190372,772564,15184,31672,0,0,0,0,41230184,5214008,34359738367,87516,0,81680,0,0,0,0,0,0,0,0,0,0,0,2048,0,1600272,50669568,15728640
1781124939.001569,1569,ubuntu-rog,1,0,0,65683160,38025644,62098724,412416,22223872,580,2898084,20861412,1120332,25796,1777752,20835616,0,0,8388604,8387580,0,0,92,0,1122816,442156,22848,2190372,2962936,2190372,772564,15184,31672,0,0,0,0,41230184,5214008,34359738367,87516,0,81680,0,0,0,0,0,0,0,0,0,0,0,2048,0,1600272,50669568,15728640
1781124940.001859,1859,ubuntu-rog,1,0,0,65683160,38025644,62098724,412416,22223876,580,2898084,20861412,1120332,25796,1777752,20835616,0,0,8388604,8387580,0,0,96,0,1122816,442156,22848,2190372,2962936,2190372,772564,15184,31672,0,0,0,0,41230184,5214008,34359738367,87484,0,81680,0,0,0,0,0,0,0,0,0,0,0,2048,0,1600272,50669568,15728640
1781124941.002429,2429,ubuntu-rog,1,0,0,65683160,38025644,62098724,412416,22223880,580,2898084,20861412,1120332,25796,1777752,20835616,0,0,8388604,8387580,0,0,100,0,1122816,442156,22848,2190372,2962840,2190372,772468,15152,31672,0,0,0,0,41230184,5214008,34359738367,87484,0,81680,0,0,0,0,0,0,0,0,0,0,0,2048,0,1600272,50669568,15728640
1781124942.002376,2376,ubuntu-rog,1,0,0,65683160,38025644,62098724,412416,22223880,580,2898084,20861412,1120332,25796,1777752,20835616,0,0,8388604,8387580,0,0,100,0,1122816,442156,22848,2190372,2962840,2190372,772468,15152,31672,0,0,0,0,41230184,5214008,34359738367,87484,0,81680,0,0,0,0,0,0,0,0,0,0,0,2048,0,1600272,50669568,15728640
1781124943.001566,1566,ubuntu-rog,1,0,0,65683160,38025644,62098724,412416,22223880,580,2898084,20861412,1120332,25796,1777752,20835616,0,0,8388604,8387580,0,0,100,0,1122816,442156,22848,2190372,2962840,2190372,772468,15152,31672,0,0,0,0,41230184,5214008,34359738367,87484,0,81680,0,0,0,0,0,0,0,0,0,0,0,2048,0,1600272,50669568,15728640
1781124944.001335,1335,ubuntu-rog,1,0,0,65683160,38025644,62098724,412420,22223876,580,2898084,20861412,1120332,25796,1777752,20835616,0,0,8388604,8387580,0,0,100,0,1122816,442156,22848,2190372,2962840,2190372,772468,15152,31672,0,0,0,0,41230184,5214008,34359738367,87484,0,81680,0,0,0,0,0,0,0,0,0,0,0,2048,0,1600272,50669568,15728640
1781124945.002629,2629,ubuntu-rog,1,0,0,65683160,38025644,62098724,412420,22223876,580,2898084,20861412,1120332,25796,1777752,20835616,0,0,8388604,8387580,0,0,100,0,1122816,442156,22848,2190372,2962840,2190372,772468,15152,31672,0,0,0,0,41230184,5214008,34359738367,87484,0,81680,0,0,0,0,0,0,0,0,0,0,0,2048,0,1600272,50669568,15728640
1781124946.002185,2185,ubuntu-rog,1,0,0,65683160,38025644,62098728,412420,22223892,580,2898084,20861416,1120332,25796,1777752,20835620,0,0,8388604,8387580,0,0,84,0,1122816,442156,22848,2190372,2962840,2190372,772468,15152,31672,0,0,0,0,41230184,5214008,34359738367,87484,0,81680,0,0,0,0,0,0,0,0,0,0,0,2048,0,1600272,50669568,15728640
1781124947.002148,2148,ubuntu-rog,1,0,0,65683160,38025644,62098728,412420,22223892,580,2898084,20861416,1120332,25796,1777752,20835620,0,0,8388604,8387580,0,0,84,0,1122816,442156,22848,2190372,2962840,2190372,772468,15152,31672,0,0,0,0,41230184,5214008,34359738367,87484,0,81680,0,0,0,0,0,0,0,0,0,0,0,2048,0,1600272,50669568,15728640
1781124948.001340,1340,ubuntu-rog,1,0,0,65683160,38025644,62098728,412420,22223892,580,2898084,20861416,1120332,25796,1777752,20835620,0,0,8388604,8387580,0,0,84,0,1122816,442156,22848,2190372,2962840,2190372,772468,15152,31672,0,0,0,0,41230184,5214008,34359738367,87484,0,81680,0,0,0,0,0,0,0,0,0,0,0,2048,0,1600272,50669568,15728640
1781124949.002090,2090,ubuntu-rog,1,0,0,65683160,38025644,62098728,412428,22223888,580,2898084,20861416,1120332,25796,1777752,20835620,0,0,8388604,8387580,0,0,88,0,1122816,442156,22848,2190372,2962840,2190372,772468,15152,31672,0,0,0,0,41230184,5214008,34359738367,87484,0,81680,0,0,0,0,0,0,0,0,0,0,0,2048,0,1600272,50669568,15728640
1781124950.002380,2380,ubuntu-rog,1,0,0,65683160,38025644,62098736,412428,22223896,580,2898084,20861424,1120332,25796,1777752,20835628,0,0,8388604,8387580,0,0,92,0,1122816,442156,22848,2190372,2962840,2190372,772468,15152,31672,0,0,0,0,41230184,5214008,34359738367,87484,0,81680,0,0,0,0,0,0,0,0,0,0,0,2048,0,1600272,50669568,15728640
1781124951.001911,1911,ubuntu-rog,1,0,0,65683160,38025644,62098736,412432,22223900,580,2898084,20861424,1120332,25796,1777752,20835628,0,0,8388604,8387580,0,0,64,0,1122820,442156,22848,2190372,2962840,2190372,772468,15152,31672,0,0,0,0,41230184,5214008,34359738367,87484,0,81680,0,0,0,0,0,0,0,0,0,0,0,2048,0,1600272,50669568,15728640
1781124952.001868,1868,ubuntu-rog,1,0,0,65683160,38025644,62098736,412468,22223864,580,2898084,20861424,1120332,25796,1777752,20835628,0,0,8388604,8387580,0,0,64,0,1122820,442156,22848,2190372,2962840,2190372,772468,15152,31672,0,0,0,0,41230184,5214008,34359738367,87484,0,81680,0,0,0,0,0,0,0,0,0,0,0,2048,0,1600272,50669568,15728640
1781124953.002080,2080,ubuntu-rog,1,0,0,65683160,38025644,62098736,412468,22223864,580,2898084,20861424,1120332,25796,1777752,20835628,0,0,8388604,8387580,0,0,64,0,1122820,442156,22848,2190372,2962840,2190372,772468,15152,31672,0,0,0,0,41230184,5214008,34359738367,87484,0,81680,0,0,0,0,0,0,0,0,0,0,0,2048,0,1600272,50669568,15728640
1781124954.001819,1819,ubuntu-rog,1,0,0,65683160,38025644,62098736,412468,22223908,580,2898100,20861424,1120348,25796,1777752,20835628,0,0,8388604,8387580,0,0,160,0,1122824,442156,22848,2190372,2962840,2190372,772468,15152,31672,0,0,0,0,41230184,5214008,34359738367,87484,0,81680,0,0,0,0,0,0,0,0,0,0,0,2048,0,1600272,50669568,15728640
1781124955.002147,2147,ubuntu-rog,1,0,0,65683160,38025644,62098736,412468,22223908,580,2898088,20861424,1120336,25796,1777752,20835628,0,0,8388604,8387580,0,0,160,0,1122812,442156,22848,2190372,2962840,2190372,772468,15152,31672,0,0,0,0,41230184,5213988,34359738367,87484,0,81680,0,0,0,0,0,0,0,0,0,0,0,2048,0,1600272,50669568,15728640
1781124956.001674,1674,ubuntu-rog,1,0,0,65683160,38025644,62098788,412468,22223908,580,2898088,20861476,1120336,25796,1777752,20835680,0,0,8388604,8387580,0,0,116,0,1122812,442156,22848,2190372,2962840,2190372,772468,15152,31672,0,0,0,0,41230184,5213988,34359738367,87484,0,81680,0,0,0,0,0,0,0,0,0,0,0,2048,0,1600272,50669568,15728640
1781124957.002620,2620,ubuntu-rog,1,0,0,65683160,38025644,62098788,412472,22223904,580,2898088,20861476,1120336,25796,1777752,20835680,0,0,8388604,8387580,0,0,116,0,1122812,442156,22848,2190372,2962840,2190372,772468,15152,31672,0,0,0,0,41230184,5214008,34359738367,87484,0,81680,0,0,0,0,0,0,0,0,0,0,0,2048,0,1600272,50669568,15728640
1781124958.001818,1818,ubuntu-rog,1,0,0,65683160,38025644,62098788,412472,22223904,580,2898088,20861476,1120336,25796,1777752,20835680,0,0,8388604,8387580,0,0,116,0,1122812,442156,22848,2190372,2962840,2190372,772468,15152,31672,0,0,0,0,41230184,5214008,34359738367,87484,0,81680,0,0,0,0,0,0,0,0,0,0,0,2048,0,1600272,50669568,15728640
1781124959.001585,1585,ubuntu-rog,1,0,0,65683160,38025644,62098916,412472,22223920,580,2898096,20861604,1120344,25796,1777752,20835808,0,0,8388604,8387580,0,0,140,0,1122824,442156,22848,2190372,2962840,2190372,772468,15152,31672,0,0,0,0,41230184,5214008,34359738367,87484,0,81680,0,0,0,0,0,0,0,0,0,0,0,2048,0,1600272,50669568,15728640
1781124960.001874,1874,ubuntu-rog,1,0,0,65683160,38025644,62098916,412472,22223920,580,2898096,20861604,1120344,25796,1777752,20835808,0,0,8388604,8387580,0,0,140,0,1122824,442156,22848,2190372,2962840,2190372,772468,15152,31672,0,0,0,0,41230184,5214008,34359738367,87484,0,81680,0,0,0,0,0,0,0,0,0,0,0,2048,0,1600272,50669568,15728640
1781124961.002431,2431,ubuntu-rog,1,0,0,65683160,38025644,62098916,412472,22223920,580,2898096,20861604,1120344,25796,1777752,20835808,0,0,8388604,8387580,0,0,140,0,1122824,442156,22848,2190372,2962840,2190372,772468,15152,31672,0,0,0,0,41230184,5214008,34359738367,87484,0,81680,0,0,0,0,0,0,0,0,0,0,0,2048,0,1600272,50669568,15728640
1781124962.002394,2394,ubuntu-rog,1,0,0,65683160,38025644,62098916,412480,22223912,580,2898096,20861604,1120344,25796,1777752,20835808,0,0,8388604,8387580,0,0,140,0,1122824,442156,22848,2190372,2962840,2190372,772468,15152,31672,0,0,0,0,41230184,5214008,34359738367,87484,0,81680,0,0,0,0,0,0,0,0,0,0,0,2048,0,1600272,50669568,15728640
1781124963.001584,1584,ubuntu-rog,1,0,0,65683160,38025644,62098924,412480,22223928,580,2898096,20861612,1120344,25796,1777752,20835816,0,0,8388604,8387580,0,0,148,0,1122824,442156,22848,2190372,2962840,2190372,772468,15152,31672,0,0,0,0,41230184,5214008,34359738367,87484,0,81680,0,0,0,0,0,0,0,0,0,0,0,2048,0,1600272,50669568,15728640
1781124964.001339,1339,ubuntu-rog,1,0,0,65683160,38025644,62098924,412480,22223928,580,2898096,20861612,1120344,25796,1777752,20835816,0,0,8388604,8387580,0,0,148,0,1122824,442156,22848,2190372,2962840,2190372,772468,15152,31672,0,0,0,0,41230184,5214008,34359738367,87484,0,81680,0,0,0,0,0,0,0,0,0,0,0,2048,0,1600272,50669568,15728640
1781124965.002623,2623,ubuntu-rog,1,0,0,65683160,38025644,62098924,412480,22223928,580,2898096,20861612,1120344,25796,1777752,20835816,0,0,8388604,8387580,0,0,148,0,1122824,442156,22848,2190372,2962840,2190372,772468,15152,31672,0,0,0,0,41230184,5214304,34359738367,87484,0,81680,0,0,0,0,0,0,0,0,0,0,0,2048,0,1600272,50669568,15728640
1781124966.002184,2184,ubuntu-rog,1,0,0,65683160,38025644,62098924,412480,22223928,580,2898096,20861612,1120344,25796,1777752,20835816,0,0,8388604,8387580,0,0,148,0,1122824,442156,22848,2190372,2962840,2190372,772468,15152,31672,0,0,0,0,41230184,5214304,34359738367,87484,0,81680,0,0,0,0,0,0,0,0,0,0,0,2048,0,1600272,50669568,15728640
1781124967.002148,2148,ubuntu-rog,1,0,0,65683160,38025644,62098924,412488,22223936,580,2898384,20861612,1120632,25796,1777752,20835816,0,0,8388604,8387580,0,0,160,0,1123116,442156,22848,2190372,2962840,2190372,772468,15152,31672,0,0,0,0,41230184,5214304,34359738367,87484,0,81680,0,0,0,0,0,0,0,0,0,0,0,2048,0,1600272,50669568,15728640
1781124968.001343,1343,ubuntu-rog,1,0,0,65683160,38025644,62098924,412488,22223940,580,2898384,20861612,1120632,25796,1777752,20835816,0,0,8388604,8387580,0,0,164,0,1123116,442156,22848,2190372,2962840,2190372,772468,15152,31672,0,0,0,0,41230184,5214304,34359738367,87484,0,81680,0,0,0,0,0,0,0,0,0,0,0,2048,0,1600272,50669568,15728640
1781124969.002115,2115,ubuntu-rog,1,0,0,65683160,38025644,62098924,412488,22223940,580,2898384,20861612,1120632,25796,1777752,20835816,0,0,8388604,8387580,0,0,164,0,1123116,442156,22848,2190372,2962840,2190372,772468,15152,31672,0,0,0,0,41230184,5214304,34359738367,87484,0,81680,0,0,0,0,0,0,0,0,0,0,0,2048,0,1600272,50669568,15728640
1781124970.002408,2408,ubuntu-rog,1,0,0,65683160,38025644,62098924,412488,22223940,580,2898384,20861612,1120632,25796,1777752,20835816,0,0,8388