#Time,Time_usec,ProducerName,component_id,job_id,app_id,nr_free_pages,nr_zone_inactive_anon,nr_zone_active_anon,nr_zone_inactive_file,nr_zone_active_file,nr_zone_unevictable,nr_zone_write_pending,nr_mlock,nr_bounce,nr_zspages,nr_free_cma,nr_unaccepted,numa_hit,numa_miss,numa_foreign,numa_interleave,numa_local,numa_other,nr_inactive_anon,nr_active_anon,nr_inactive_file,nr_active_file,nr_unevictable,nr_slab_reclaimable,nr_slab_unreclaimable,nr_isolated_anon,nr_isolated_file,workingset_nodes,workingset_refault_anon,workingset_refault_file,workingset_activate_anon,workingset_activate_file,workingset_restore_anon,workingset_restore_file,workingset_nodereclaim,nr_anon_pages,nr_mapped,nr_file_pages,nr_dirty,nr_writeback,nr_writeback_temp,nr_shmem,nr_shmem_hugepages,nr_shmem_pmdmapped,nr_file_hugepages,nr_file_pmdmapped,nr_anon_transparent_hugepages,nr_vmscan_write,nr_vmscan_immediate_reclaim,nr_dirtied,nr_written,nr_throttled_written,nr_kernel_misc_reclaimable,nr_foll_pin_acquired,nr_foll_pin_released,nr_kernel_stack,nr_page_table_pages,nr_sec_page_table_pages,nr_iommu_pages,nr_swapcached,pgpromote_success,pgpromote_candidate,pgdemote_kswapd,pgdemote_direct,pgdemote_khugepaged,nr_hugetlb,nr_dirty_threshold,nr_dirty_background_threshold,nr_memmap_pages,nr_memmap_boot_pages,pgpgin,pgpgout,pswpin,pswpout,pgalloc_dma,pgalloc_dma32,pgalloc_normal,pgalloc_movable,pgalloc_device,allocstall_dma,allocstall_dma32,allocstall_normal,allocstall_movable,allocstall_device,pgskip_dma,pgskip_dma32,pgskip_normal,pgskip_movable,pgskip_device,pgfree,pgactivate,pgdeactivate,pglazyfree,pgfault,pgmajfault,pglazyfreed,pgrefill,pgreuse,pgsteal_kswapd,pgsteal_direct,pgsteal_khugepaged,pgscan_kswapd,pgscan_direct,pgscan_khugepaged,pgscan_direct_throttle,pgscan_anon,pgscan_file,pgsteal_anon,pgsteal_file,zone_reclaim_success,zone_reclaim_failed,pginodesteal,slabs_scanned,kswapd_inodesteal,kswapd_low_wmark_hit_quickly,kswapd_high_wmark_hit_quickly,pageoutrun,pgrotated,drop_pagecache,drop_slab,oom_kill,numa_pte_updates,numa_huge_pte_updates,numa_hint_faults,numa_hint_faults_local,numa_pages_migrated,pgmigrate_success,pgmigrate_fail,thp_migration_success,thp_migration_fail,thp_migration_split,compact_migrate_scanned,compact_free_scanned,compact_isolated,compact_stall,compact_fail,compact_success,compact_daemon_wake,compact_daemon_migrate_scanned,compact_daemon_free_scanned,htlb_buddy_alloc_success,htlb_buddy_alloc_fail,unevictable_pgs_culled,unevictable_pgs_scanned,unevictable_pgs_rescued,unevictable_pgs_mlocked,unevictable_pgs_munlocked,unevictable_pgs_cleared,unevictable_pgs_stranded,thp_fault_alloc,thp_fault_fallback,thp_fault_fallback_charge,thp_collapse_alloc,thp_collapse_alloc_failed,thp_file_alloc,thp_file_fallback,thp_file_fallback_charge,thp_file_mapped,thp_split_page,thp_split_page_failed,thp_deferred_split_page,thp_underused_split_page,thp_split_pmd,thp_scan_exceed_none_pte,thp_scan_exceed_swap_pte,thp_scan_exceed_share_pte,thp_split_pud,thp_zero_page_alloc,thp_zero_page_alloc_failed,thp_swpout,thp_swpout_fallback,balloon_inflate,balloon_deflate,balloon_migrate,swap_ra,swap_ra_hit,swpin_zero,swpout_zero,ksm_swpin_copy,cow_ksm,zswpin,zswpout,zswpwb,direct_map_level2_splits,direct_map_level3_splits,nr_unstable
1781124848.001764,1764,ubuntu-rog,1,0,0,9506057,6449,279725,5208843,444438,0,85,0,0,0,0,0,2256798556,0,0,4907,2257957865,0,6449,279725,5208843,444438,0,547593,193165,0,0,84274,0,204,0,0,0,8,0,280504,110523,5659132,85,0,0,5712,0,0,0,0,0,145,0,66565715,61401758,0,0,134915,134915,15184,7916,0,0,145,0,0,0,0,0,0,3007930,1502128,0,262144,9954932,296710065,0,145,1026,1063858,2336573221,0,0,0,0,0,5,0,0,0,0,0,0,2348380202,3911,21780,3122404,2065355035,30254,0,336589,150645829,2834239,325,0,2839276,329,0,0,145,2839460,0,2834564,0,0,0,0,0,56,1,199,22664,0,0,0,0,0,0,0,0,1218123,4632,0,0,0,5928898,109925602,2446255,0,0,0,193,5928898,109925602,0,0,53770,4050,30758,26708,26708,0,0,100512,0,0,364,0,0,0,0,0,0,0,59,0,59,0,0,0,0,0,0,0,0,0,0,0,0,0,0,0,0,0,0,0,0,766,46,0
1781124849.002525,2525,ubuntu-rog,1,0,0,9506206,6449,279777,5208846,444438,0,119,0,0,0,0,0,2256798594,0,0,4907,2257957903,0,6449,279777,5208846,444438,0,547593,193165,0,0,84274,0,204,0,0,0,8,0,280517,110523,5659142,119,0,0,5712,0,0,0,0,0,145,0,66565752,61401761,0,0,134915,134915,15184,7916,0,0,145,0,0,0,0,0,0,3007960,1502143,0,262144,9954932,296710305,0,145,1026,1063858,2336573259,0,0,0,0,0,5,0,0,0,0,0,0,2348380241,3911,21780,3122404,2065355049,30254,0,336589,150645830,2834239,325,0,2839276,329,0,0,145,2839460,0,2834564,0,0,0,0,0,56,1,199,22664,0,0,0,0,0,0,0,0,1218123,4632,0,0,0,5928898,109925602,2446255,0,0,0,193,5928898,109925602,0,0,53770,4050,30758,26708,26708,0,0,100512,0,0,364,0,0,0,0,0,0,0,59,0,59,0,0,0,0,0,0,0,0,0,0,0,0,0,0,0,0,0,0,0,0,766,46,0
1781124850.001975,1975,ubuntu-rog,1,0,0,9506295,6449,279777,5208846,444438,0,119,0,0,0,0,0,2256798616,0,0,4907,2257957925,0,6449,279777,5208846,444438,0,547593,193165,0,0,84274,0,204,0,0,0,8,0,280517,110523,5659142,119,0,0,5712,0,0,0,0,0,145,0,66565752,61401761,0,0,134915,134915,15184,7916,0,0,145,0,0,0,0,0,0,3007978,1502152,0,262144,9954932,296710309,0,145,1026,1063858,2336573281,0,0,0,0,0,5,0,0,0,0,0,0,2348380261,3911,21780,3122404,2065355051,30254,0,336589,150645830,2834239,325,0,2839276,329,0,0,145,2839460,0,2834564,0,0,0,0,0,56,1,199,22664,0,0,0,0,0,0,0,0,1218123,4632,0,0,0,5928898,109925602,2446255,0,0,0,193,5928898,109925602,0,0,53770,4050,30758,26708,26708,0,0,100512,0,0,364,0,0,0,0,0,0,0,59,0,59,0,0,0,0,0,0,0,0,0,0,0,0,0,0,0,0,0,0,0,0,766,46,0
1781124851.001742,1742,ubuntu-rog,1,0,0,9506295,6449,279777,5208846,444438,0,119,0,0,0,0,0,2256798640,0,0,4907,2257957949,0,6449,279777,5208846,444438,0,547593,193160,0,0,84274,0,204,0,0,0,8,0,280517,110523,5659142,119,0,0,5712,0,0,0,0,0,145,0,66565752,61401761,0,0,134915,134915,15184,7916,0,0,145,0,0,0,0,0,0,3007978,1502152,0,262144,9954932,296710353,0,145,1026,1063858,2336573305,0,0,0,0,0,5,0,0,0,0,0,0,2348380294,3911,21780,3122404,2065355051,30254,0,336589,150645830,2834239,325,0,2839276,329,0,0,145,2839460,0,2834564,0,0,0,0,0,56,1,199,22664,0,0,0,0,0,0,0,0,1218123,4632,0,0,0,5928898,109925602,2446255,0,0,0,193,5928898,109925602,0,0,53770,4050,30758,26708,26708,0,0,100512,0,0,364,0,0,0,0,0,0,0,59,0,59,0,0,0,0,0,0,0,0,0,0,0,0,0,0,0,0,0,0,0,0,766,46,0
1781124852.001732,1732,ubuntu-rog,1,0,0,9506527,6449,279801,5208846,444438,0,119,0,0,0,0,0,2256798663,0,0,4907,2257957972,0,6449,279801,5208846,444438,0,547593,193157,0,0,84274,0,204,0,0,0,8,0,280519,110523,5659144,119,0,0,5712,0,0,0,0,0,145,0,66565753,61401762,0,0,134915,134915,15184,7916,0,0,145,0,0,0,0,0,0,3008024,1502176,0,262144,9954932,296710353,0,145,1026,1063858,2336573335,0,0,0,0,0,5,0,0,0,0,0,0,2348380312,3911,21780,3122404,2065355054,30254,0,336589,150645830,2834239,325,0,2839276,329,0,0,145,2839460,0,2834564,0,0,0,0,0,56,1,199,22664,0,0,0,0,0,0,0,0,1218123,4632,0,0,0,5928898,109925602,2446255,0,0,0,193,5928898,109925602,0,0,53770,4050,30758,26708,26708,0,0,100512,0,0,364,0,0,0,0,0,0,0,59,0,59,0,0,0,0,0,0,0,0,0,0,0,0,0,0,0,0,0,0,0,0,766,46,0
1781124853.002580,2580,ubuntu-rog,1,0,0,9506590,6449,279817,5208848,444438,0,111,0,0,0,0,0,2256798682,0,0,4907,2257957991,0,6449,279817,5208848,444438,0,547593,193157,0,0,84274,0,204,0,0,0,8,0,280521,110523,5659145,111,0,0,5712,0,0,0,0,0,145,0,66565755,61401772,0,0,134915,134915,15184,7916,0,0,145,0,0,0,0,0,0,3008037,1502182,0,262144,9954932,296710393,0,145,1026,1063858,2336573354,0,0,0,0,0,5,0,0,0,0,0,0,2348380337,3911,21780,3122404,2065355057,30254,0,336589,150645830,2834239,325,0,2839276,329,0,0,145,2839460,0,2834564,0,0,0,0,0,56,1,199,22664,0,0,0,0,0,0,0,0,1218123,4632,0,0,0,5928898,109925602,2446255,0,0,0,193,5928898,109925602,0,0,53770,4050,30758,26708,26708,0,0,100512,0,0,364,0,0,0,0,0,0,0,59,0,59,0,0,0,0,0,0,0,0,0,0,0,0,0,0,0,0,0,0,0,0,766,46,0
1781124854.002349,2349,ubuntu-rog,1,0,0,9506594,6449,279817,5208848,444438,0,113,0,0,0,0,0,2256798703,0,0,4907,2257958012,0,6449,279817,5208848,444438,0,547593,193157,0,0,84274,0,204,0,0,0,8,0,280521,110523,5659146,113,0,0,5712,0,0,0,0,0,145,0,66565757,61401772,0,0,134915,134915,15184,7916,0,0,145,0,0,0,0,0,0,3008038,1502182,0,262144,9954932,296710393,0,145,1026,1063858,2336573375,0,0,0,0,0,5,0,0,0,0,0,0,2348380353,3911,21780,3122404,2065355061,30254,0,336589,150645830,2834239,325,0,2839276,329,0,0,145,2839460,0,2834564,0,0,0,0,0,56,1,199,22664,0,0,0,0,0,0,0,0,1218123,4632,0,0,0,5928898,109925602,2446255,0,0,0,193,5928898,109925602,0,0,53770,4050,30758,26708,26708,0,0,100512,0,0,364,0,0,0,0,0,0,0,59,0,59,0,0,0,0,0,0,0,0,0,0,0,0,0,0,0,0,0,0,0,0,766,46,0
1781124855.001801,1801,ubuntu-rog,1,0,0,9506586,6449,279817,5208848,444438,0,113,0,0,0,0,0,2256798729,0,0,4907,2257958038,0,6449,279817,5208848,444438,0,547593,193153,0,0,84274,0,204,0,0,0,8,0,280529,110523,5659146,113,0,0,5712,0,0,0,0,0,145,0,66565757,61401772,0,0,134915,134915,15184,7916,0,0,145,0,0,0,0,0,0,3008037,1502182,0,262144,9954932,296710393,0,145,1026,1063858,2336573408,0,0,0,0,0,5,0,0,0,0,0,0,2348380375,3911,21780,3122404,2065355067,30254,0,336589,150645830,2834239,325,0,2839276,329,0,0,145,2839460,0,2834564,0,0,0,0,0,56,1,199,22664,0,0,0,0,0,0,0,0,1218123,4632,0,0,0,5928898,109925602,2446255,0,0,0,193,5928898,109925602,0,0,53770,4050,30758,26708,26708,0,0,100512,0,0,364,0,0,0,0,0,0,0,59,0,59,0,0,0,0,0,0,0,0,0,0,0,0,0,0,0,0,0,0,0,0,766,46,0
1781124856.001552,1552,ubuntu-rog,1,0,0,9506649,6449,279817,5208848,444438,0,113,0,0,0,0,0,2256798747,0,0,4907,2257958056,0,6449,279817,5208848,444438,0,547593,193153,0,0,84274,0,204,0,0,0,8,0,280529,110523,5659146,113,0,0,5712,0,0,0,0,0,145,0,66565757,61401772,0,0,134915,134915,15184,7916,0,0,145,0,0,0,0,0,0,3008049,1502188,0,262144,9954932,296710465,0,145,1026,1063858,2336573426,0,0,0,0,0,5,0,0,0,0,0,0,2348380399,3911,21780,3122404,2065355067,30254,0,336589,150645830,2834239,325,0,2839276,329,0,0,145,2839460,0,2834564,0,0,0,0,0,56,1,199,22664,0,0,0,0,0,0,0,0,1218123,4632,0,0,0,5928898,109925602,2446255,0,0,0,193,5928898,109925602,0,0,53770,4050,30758,26708,26708,0,0,100512,0,0,364,0,0,0,0,0,0,0,59,0,59,0,0,0,0,0,0,0,0,0,0,0,0,0,0,0,0,0,0,0,0,766,46,0
1781124857.002505,2505,ubuntu-rog,1,0,0,9506649,6449,279817,5208848,444438,0,113,0,0,0,0,0,2256798765,0,0,4907,2257958074,0,6449,279817,5208848,444438,0,547593,193153,0,0,84274,0,204,0,0,0,8,0,280529,110523,5659146,113,0,0,5712,0,0,0,0,0,145,0,66565757,61401772,0,0,134915,134915,15184,7916,0,0,145,0,0,0,0,0,0,3008049,1502188,0,262144,9954932,296710465,0,145,1026,1063858,2336573444,0,0,0,0,0,5,0,0,0,0,0,0,2348380417,3911,21780,3122404,2065355067,30254,0,336589,150645830,2834239,325,0,2839276,329,0,0,145,2839460,0,2834564,0,0,0,0,0,56,1,199,22664,0,0,0,0,0,0,0,0,1218123,4632,0,0,0,5928898,109925602,2446255,0,0,0,193,5928898,109925602,0,0,53770,4050,30758,26708,26708,0,0,100512,0,0,364,0,0,0,0,0,0,0,59,0,59,0,0,0,0,0,0,0,0,0,0,0,0,0,0,0,0,0,0,0,0,766,46,0
1781124858.002354,2354,ubuntu-rog,1,0,0,9506593,6449,279823,5208848,444438,0,116,0,0,0,0,0,2256798784,0,0,4907,2257958093,0,6449,279823,5208848,444438,0,547593,193153,0,0,84274,0,204,0,0,0,8,0,280531,110523,5659149,116,0,0,5712,0,0,0,0,0,145,0,66565760,61401772,0,0,134915,134915,15184,7916,0,0,145,0,0,0,0,0,0,3008038,1502182,0,262144,9954932,296710465,0,145,1026,1063858,2336573470,0,0,0,0,0,5,0,0,0,0,0,0,2348380435,3911,21780,3122404,2065355068,30254,0,336589,150645831,2834239,325,0,2839276,329,0,0,145,2839460,0,2834564,0,0,0,0,0,56,1,199,22664,0,0,0,0,0,0,0,0,1218123,4632,0,0,0,5928898,109925602,2446255,0,0,0,193,5928898,109925602,0,0,53770,4050,30758,26708,26708,0,0,100512,0,0,364,0,0,0,0,0,0,0,59,0,59,0,0,0,0,0,0,0,0,0,0,0,0,0,0,0,0,0,0,0,0,766,46,0
1781124859.002121,2121,ubuntu-rog,1,0,0,9506656,6449,279849,5208852,444438,0,118,0,0,0,0,0,2256798810,0,0,4907,2257958119,0,6449,279849,5208852,444438,0,547593,193153,0,0,84274,0,204,0,0,0,8,0,280531,110523,5659151,118,0,0,5712,0,0,0,0,0,145,0,66565762,61401772,0,0,134915,134915,15184,7916,0,0,145,0,0,0,0,0,0,3008051,1502189,0,262144,9954932,296710465,0,145,1026,1063858,2336573496,0,0,0,0,0,5,0,0,0,0,0,0,2348380463,3911,21780,3122404,2065355073,30254,0,336589,150645831,2834239,325,0,2839276,329,0,0,145,2839460,0,2834564,0,0,0,0,0,56,1,199,22664,0,0,0,0,0,0,0,0,1218123,4632,0,0,0,5928898,109925602,2446255,0,0,0,193,5928898,109925602,0,0,53770,4050,30758,26708,26708,0,0,100512,0,0,364,0,0,0,0,0,0,0,59,0,59,0,0,0,0,0,0,0,0,0,0,0,0,0,0,0,0,0,0,0,0,766,46,0
1781124860.001566,1566,ubuntu-rog,1,0,0,9506656,6449,279849,5208852,444438,0,118,0,0,0,0,0,2256798829,0,0,4907,2257958138,0,6449,279849,5208852,444438,0,547593,193153,0,0,84274,0,204,0,0,0,8,0,280531,110523,5659151,118,0,0,5712,0,0,0,0,0,145,0,66565762,61401772,0,0,134915,134915,15184,7916,0,0,145,0,0,0,0,0,0,3008051,1502189,0,262144,9954932,296710465,0,145,1026,1063858,2336573515,0,0,0,0,0,5,0,0,0,0,0,0,2348380481,3911,21780,3122404,2065355074,30254,0,336589,150645831,2834239,325,0,2839276,329,0,0,145,2839460,0,2834564,0,0,0,0,0,56,1,199,22664,0,0,0,0,0,0,0,0,1218123,4632,0,0,0,5928898,109925602,2446255,0,0,0,193,5928898,109925602,0,0,53770,4050,30758,26708,26708,0,0,100512,0,0,364,0,0,0,0,0,0,0,59,0,59,0,0,0,0,0,0,0,0,0,0,0,0,0,0,0,0,0,0,0,0,766,46,0
1781124861.002322,2322,ubuntu-rog,1,0,0,9506656,6449,279849,5208852,444438,0,118,0,0,0,0,0,2256798854,0,0,4907,2257958163,0,6449,279849,5208852,444438,0,547593,193153,0,0,84274,0,204,0,0,0,8,0,280531,110523,5659151,118,0,0,5712,0,0,0,0,0,145,0,66565762,61401772,0,0,134915,134915,15184,7916,0,0,145,0,0,0,0,0,0,3008051,1502189,0,262144,9954932,296710481,0,145,1026,1063858,2336573547,0,0,0,0,0,5,0,0,0,0,0,0,2348380500,3911,21780,3122404,2065355077,30254,0,336589,150645831,2834239,325,0,2839276,329,0,0,145,2839460,0,2834564,0,0,0,0,0,56,1,199,22664,0,0,0,0,0,0,0,0,1218123,4632,0,0,0,5928898,109925602,2446255,0,0,0,193,5928898,109925602,0,0,53770,4050,30758,26708,26708,0,0,100512,0,0,364,0,0,0,0,0,0,0,59,0,59,0,0,0,0,0,0,0,0,0,0,0,0,0,0,0,0,0,0,0,0,766,46,0
1781124862.002280,2280,ubuntu-rog,1,0,0,9506600,6449,279849,5208852,444438,0,121,0,0,0,0,0,2256798873,0,0,4907,2257958182,0,6449,279849,5208852,444438,0,547593,193153,0,0,84274,0,204,0,0,0,8,0,280542,110523,5659154,121,0,0,5712,0,0,0,0,0,145,0,66565765,61401772,0,0,134915,134915,15184,7916,0,0,145,0,0,0,0,0,0,3008040,1502183,0,262144,9954932,296710481,0,145,1026,1063858,2336573566,0,0,0,0,0,5,0,0,0,0,0,0,2348380524,3911,21780,3122404,2065355081,30254,0,336589,150645833,2834239,325,0,2839276,329,0,0,145,2839460,0,2834564,0,0,0,0,0,56,1,199,22664,0,0,0,0,0,0,0,0,1218123,4632,0,0,0,5928898,109925602,2446255,0,0,0,193,5928898,109925602,0,0,53770,4050,30758,26708,26708,0,0,100512,0,0,364,0,0,0,0,0,0,0,59,0,59,0,0,0,0,0,0,0,0,0,0,0,0,0,0,0,0,0,0,0,0,766,46,0
1781124863.002117,2117,ubuntu-rog,1,0,0,9506600,6449,279849,5208852,444438,0,121,0,0,0,0,0,2256798892,0,0,4907,2257958201,0,6449,279849,5208852,444438,0,547593,193153,0,0,84274,0,204,0,0,0,8,0,280542,110523,5659154,121,0,0,5712,0,0,0,0,0,145,0,66565765,61401772,0,0,134915,134915,15184,7916,0,0,145,0,0,0,0,0,0,3008040,1502183,0,262144,9954932,296710481,0,145,1026,1063858,2336573585,0,0,0,0,0,5,0,0,0,0,0,0,2348380543,3911,21780,3122404,2065355081,30254,0,336589,150645833,2834239,325,0,2839276,329,0,0,145,2839460,0,2834564,0,0,0,0,0,56,1,199,22664,0,0,0,0,0,0,0,0,1218123,4632,0,0,0,5928898,109925602,2446255,0,0,0,193,5928898,109925602,0,0,53770,4050,30758,26708,26708,0,0,100512,0,0,364,0,0,0,0,0,0,0,59,0,59,0,0,0,0,0,0,0,0,0,0,0,0,0,0,0,0,0,0,0,0,766,46,0
1781124864.001844,1844,ubuntu-rog,1,0,0,9506600,6449,279849,5208852,444438,0,121,0,0,0,0,0,2256798912,0,0,4907,2257958221,0,6449,279849,5208852,444438,0,547593,193153,0,0,84274,0,204,0,0,0,8,0,280542,110523,5659154,121,0,0,5712,0,0,0,0,0,145,0,66565765,61401772,0,0,134915,134915,15184,7916,0,0,145,0,0,0,0,0,0,3008040,1502183,0,262144,9954932,296710481,0,145,1026,1063858,2336573612,0,0,0,0,0,5,0,0,0,0,0,0,2348380561,3911,21780,3122404,2065355082,30254,0,336589,150645833,2834239,325,0,2839276,329,0,0,145,2839460,0,2834564,0,0,0,0,0,56,1,199,22664,0,0,0,0,0,0,0,0,1218123,4632,0,0,0,5928898,109925602,2446255,0,0,0,193,5928898,109925602,0,0,53770,4050,30758,26708,26708,0,0,100512,0,0,364,0,0,0,0,0,0,0,59,0,59,0,0,0,0,0,0,0,0,0,0,0,0,0,0,0,0,0,0,0,0,766,46,0
1781124865.002301,2301,ubuntu-rog,1,0,0,9506600,6449,279849,5208852,444438,0,122,0,0,0,0,0,2256798942,0,0,4907,2257958251,0,6449,279849,5208852,444438,0,547593,193153,0,0,84274,0,204,0,0,0,8,0,280547,110523,5659155,122,0,0,5712,0,0,0,0,0,145,0,66565766,61401772,0,0,134915,134915,15184,7916,0,0,145,0,0,0,0,0,0,3008040,1502183,0,262144,9954932,296710481,0,145,1026,1063858,2336573642,0,0,0,0,0,5,0,0,0,0,0,0,2348380594,3911,21780,3122404,2065355086,30254,0,336589,150645833,2834239,325,0,2839276,329,0,0,145,2839460,0,2834564,0,0,0,0,0,56,1,199,22664,0,0,0,0,0,0,0,0,1218123,4632,0,0,0,5928898,109925602,2446255,0,0,0,193,5928898,109925602,0,0,53770,4050,30758,26708,26708,0,0,100512,0,0,364,0,0,0,0,0,0,0,59,0,59,0,0,0,0,0,0,0,0,0,0,0,0,0,0,0,0,0,0,0,0,766,46,0
1781124866.002066,2066,ubuntu-rog,1,0,0,9506537,6449,279880,5208852,444438,0,123,0,0,0,0,0,2256798973,0,0,4907,2257958282,0,6449,279880,5208852,444438,0,547593,193153,0,0,84274,0,204,0,0,0,8,0,280550,110523,5659156,123,0,0,5712,0,0,0,0,0,145,0,66565767,61401772,0,0,134915,134915,15184,7916,0,0,145,0,0,0,0,0,0,3008028,1502177,0,262144,9954932,296710497,0,145,1026,1063858,2336573673,0,0,0,0,0,5,0,0,0,0,0,0,2348380619,3911,21780,3122404,2065355089,30254,0,336589,150645833,2834239,325,0,2839276,329,0,0,145,2839460,0,2834564,0,0,0,0,0,56,1,199,22664,0,0,0,0,0,0,0,0,1218123,4632,0,0,0,5928898,109925602,2446255,0,0,0,193,5928898,109925602,0,0,53770,4050,30758,26708,26708,0,0,100512,0,0,364,0,0,0,0,0,0,0,59,0,59,0,0,0,0,0,0,0,0,0,0,0,0,0,0,0,0,0,0,0,0,766,46,0
1781124867.002031,2031,ubuntu-rog,1,0,0,9506537,6449,279880,5208852,444438,0,123,0,0,0,0,0,2256798993,0,0,4907,2257958302,0,6449,279880,5208852,444438,0,547593,193153,0,0,84274,0,204,0,0,0,8,0,280550,110523,5659158,123,0,0,5712,0,0,0,0,0,145,0,66565767,61401772,0,0,134915,134915,15184,7916,0,0,145,0,0,0,0,0,0,3008028,1502177,0,262144,9954932,296710497,0,145,1026,1063858,2336573700,0,0,0,0,0,5,0,0,0,0,0,0,2348380638,3911,21780,3122404,2065355089,30254,0,336589,150645833,2834239,325,0,2839276,329,0,0,145,2839460,0,2834564,0,0,0,0,0,56,1,199,22664,0,0,0,0,0,0,0,0,1218123,4632,0,0,0,5928898,109925602,2446255,0,0,0,193,5928898,109925602,0,0,53770,4050,30758,26708,26708,0,0,100512,0,0,364,0,0,0,0,0,0,0,59,0,59,0,0,0,0,0,0,0,0,0,0,0,0,0,0,0,0,0,0,0,0,766,46,0
1781124868.001859,1859,ubuntu-rog,1,0,0,9506537,6449,279880,5208852,444438,0,123,0,0,0,0,0,2256799008,0,0,4907,2257958317,0,6449,279880,5208852,444438,0,547593,193153,0,0,84274,0,204,0,0,0,8,0,280550,110523,5659158,123,0,0,5712,0,0,0,0,0,145,0,66565767,61401772,0,0,134915,134915,15184,7916,0,0,145,0,0,0,0,0,0,3008028,1502177,0,262144,9954932,296710497,0,145,1026,1063858,2336573715,0,0,0,0,0,5,0,0,0,0,0,0,2348380661,3911,21780,3122404,2065355089,30254,0,336589,150645833,2834239,325,0,2839276,329,0,0,145,2839460,0,2834564,0,0,0,0,0,56,1,199,22664,0,0,0,0,0,0,0,0,1218123,4632,0,0,0,5928898,109925602,2446255,0,0,0,193,5928898,109925602,0,0,53770,4050,30758,26708,26708,0,0,100512,0,0,364,0,0,0,0,0,0,0,59,0,59,0,0,0,0,0,0,0,0,0,0,0,0,0,0,0,0,0,0,0,0,766,46,0
1781124869.002626,2626,ubuntu-rog,1,0,0,9506537,6449,279880,5208852,444438,0,123,0,0,0,0,0,2256799034,0,0,4907,2257958343,0,6449,279880,5208852,444438,0,547593,193153,0,0,84274,0,204,0,0,0,8,0,280550,110523,5659158,123,0,0,5712,0,0,0,0,0,145,0,66565767,61401772,0,0,134915,134915,15184,7916,0,0,145,0,0,0,0,0,0,3008028,1502177,0,262144,9954932,296710497,0,145,1026,1063858,2336573741,0,0,0,0,0,5,0,0,0,0,0,0,2348380682,3911,21780,3122404,2065355093,30254,0,336589,150645833,2834239,325,0,2839276,329,0,0,145,2839460,0,2834564,0,0,0,0,0,56,1,199,22664,0,0,0,0,0,0,0,0,1218123,4632,0,0,0,5928898,109925602,2446255,0,0,0,193,5928898,109925602,0,0,53770,4050,30758,26708,26708,0,0,100512,0,0,364,0,0,0,0,0,0,0,59,0,59,0,0,0,0,0,0,0,0,0,0,0,0,0,0,0,0,0,0,0,0,766,46,0
1781124870.002102,2102,ubuntu-rog,1,0,0,9506537,6449,279880,5208852,444438,0,125,0,0,0,0,0,2256799057,0,0,4907,2257958366,0,6449,279880,5208852,444438,0,547593,193153,0,0,84274,0,204,0,0,0,8,0,280558,110523,5659160,125,0,0,5712,0,0,0,0,0,145,0,66565769,61401772,0,0,134915,134915,15184,7916,0,0,145,0,0,0,0,0,0,3008028,1502177,0,262144,9954932,296710497,0,145,1026,1063858,2336573772,0,0,0,0,0,5,0,0,0,0,0,0,2348380700,3911,21780,3122404,2065355097,30254,0,336589,150645833,2834239,325,0,2839276,329,0,0,145,2839460,0,2834564,0,0,0,0,0,56,1,199,22664,0,0,0,0,0,0,0,0,1218123,4632,0,0,0,5928898,109925602,2446255,0,0,0,193,5928898,109925602,0,0,53770,4050,30758,26708,26708,0,0,100512,0,0,364,0,0,0,0,0,0,0,59,0,59,0,0,0,0,0,0,0,0,0,0,0,0,0,0,0,0,0,0,0,0,766,46,0
1781124871.001831,1831,ubuntu-rog,1,0,0,9506537,6449,279880,5208852,444438,0,125,0,0,0,0,0,2256799082,0,0,4907,2257958391,0,6449,279880,5208852,444438,0,547593,193153,0,0,84274,0,204,0,0,0,8,0,280558,110523,5659162,125,0,0,5712,0,0,0,0,0,145,0,66565769,61401772,0,0,134915,134915,15184,7916,0,0,145,0,0,0,0,0,0,3008028,1502177,0,262144,9954932,296710513,0,145,1026,1063858,2336573796,0,0,0,0,0,5,0,0,0,0,0,0,2348380730,3911,21780,3122404,2065355097,30254,0,336589,150645833,2834239,325,0,2839276,329,0,0,145,2839460,0,2834564,0,0,0,0,0,56,1,199,22664,0,0,0,0,0,0,0,0,1218123,4632,0,0,0,5928898,109925602,2446255,0,0,0,193,5928898,109925602,0,0,53770,4050,30758,26708,26708,0,0,100512,0,0,364,0,0,0,0,0,0,0,59,0,59,0,0,0,0,0,0,0,0,0,0,0,0,0,0,0,0,0,0,0,0,766,46,0
1781124872.001790,1790,ubuntu-rog,1,0,0,9506537,6449,279880,5208852,444438,0,126,0,0,0,0,0,2256799108,0,0,4907,2257958417,0,6449,279880,5208852,444438,0,547593,193153,0,0,84274,0,204,0,0,0,8,0,280561,110523,5659163,126,0,0,5712,0,0,0,0,0,145,0,66565770,61401772,0,0,134915,134915,15184,7916,0,0,145,0,0,0,0,0,0,3008028,1502177,0,262144,9954932,296710513,0,145,1026,1063858,2336573822,0,0,0,0,0,5,0,0,0,0,0,0,2348380752,3911,21780,3122404,2065355100,30254,0,336589,150645833,2834239,325,0,2839276,329,0,0,145,2839460,0,2834564,0,0,0,0,0,56,1,199,22664,0,0,0,0,0,0,0,0,1218123,4632,0,0,0,5928898,109925602,2446255,0,0,0,193,5928898,109925602,0,0,53770,4050,30758,26708,26708,0,0,100512,0,0,364,0,0,0,0,0,0,0,59,0,59,0,0,0,0,0,0,0,0,0,0,0,0,0,0,0,0,0,0,0,0,766,46,0
1781124873.002631,2631,ubuntu-rog,1,0,0,9506537,6449,279880,5208852,444438,0,127,0,0,0,0,0,2256799140,0,0,4907,2257958449,0,6449,279880,5208852,444438,0,547593,193153,0,0,84274,0,204,0,0,0,8,0,280564,110523,5659164,127,0,0,5712,0,0,0,0,0,145,0,66565771,61401772,0,0,134915,134915,15184,7916,0,0,145,0,0,0,0,0,0,3008028,1502177,0,262144,9954932,296710513,0,145,1026,1063858,2336573861,0,0,0,0,0,5,0,0,0,0,0,0,2348380777,3911,21780,3122404,2065355103,30254,0,336589,150645833,2834239,325,0,2839276,329,0,0,145,2839460,0,2834564,0,0,0,0,0,56,1,199,22664,0,0,0,0,0,0,0,0,1218123,4632,0,0,0,5928898,109925602,2446255,0,0,0,193,5928898,109925602,0,0,53770,4050,30758,26708,26708,0,0,100512,0,0,364,0,0,0,0,0,0,0,59,0,59,0,0,0,0,0,0,0,0,0,0,0,0,0,0,0,0,0,0,0,0,766,46,0
1781124874.002413,2413,ubuntu-rog,1,0,0,9506537,6449,279880,5208852,444438,0,127,0,0,0,0,0,2256799267,0,0,4907,2257958576,0,6449,279880,5208852,444438,0,547593,193153,0,0,84274,0,204,0,0,0,8,0,280564,110523,5659164,127,0,0,5712,0,0,0,0,0,145,0,66565771,61401772,0,0,134915,134915,15184,7916,0,0,145,0,0,0,0,0,0,3008028,1502177,0,262144,9954932,296710513,0,145,1026,1063858,2336574072,0,0,0,0,0,5,0,0,0,0,0,0,2348380950,3911,21780,3122404,2065355150,30254,0,336589,150645833,2834239,325,0,2839276,329,0,0,145,2839460,0,2834564,0,0,0,0,0,56,1,199,22664,0,0,0,0,0,0,0,0,1218123,4632,0,0,0,5928898,109925602,2446255,0,0,0,193,5928898,109925602,0,0,53770,4050,30758,26708,26708,0,0,100512,0,0,364,0,0,0,0,0,0,0,59,0,59,0,0,0,0,0,0,0,0,0,0,0,0,0,0,0,0,0,0,0,0,766,46,0
1781124875.001852,1852,ubuntu-rog,1,0,0,9506537,6449,279911,5208852,444438,0,127,0,0,0,0,0,2256799294,0,0,4907,2257958603,0,6449,279911,5208852,444438,0,547593,193153,0,0,84274,0,204,0,0,0,8,0,280609,110523,5659164,127,0,0,5712,0,0,0,0,0,145,0,66565771,61401772,0,0,134915,134915,15184,7916,0,0,145,0,0,0,0,0,0,3008028,1502177,0,262144,9954932,296710513,0,145,1026,1063858,2336574099,0,0,0,0,0,5,0,0,0,0,0,0,2348380972,3911,21780,3122404,2065355154,30254,0,336589,150645833,2834239,325,0,2839276,329,0,0,145,2839460,0,2834564,0,0,0,0,0,56,1,199,22664,0,0,0,0,0,0,0,0,1218123,4632,0,0,0,5928898,109925602,2446255,0,0,0,193,5928898,109925602,0,0,53770,4050,30758,26708,26708,0,0,100512,0,0,364,0,0,0,0,0,0,0,59,0,59,0,0,0,0,0,0,0,0,0,0,0,0,0,0,0,0,0,0,0,0,766,46,0
1781124876.001614,1614,ubuntu-rog,1,0,0,9506537,6449,279911,5208852,444438,0,127,0,0,0,0,0,2256799320,0,0,4907,2257958629,0,6449,279911,5208852,444438,0,547593,193153,0,0,84274,0,204,0,0,0,8,0,280611,110523,5659164,127,0,0,5712,0,0,0,0,0,145,0,66565771,61401772,0,0,134915,134915,15184,7916,0,0,145,0,0,0,0,0,0,3008028,1502177,0,262144,9954932,296710533,0,145,1026,1063858,2336574132,0,0,0,0,0,5,0,0,0,0,0,0,2348380994,3911,21780,3122404,2065355159,30254,0,336589,150645833,2834239,325,0,2839276,329,0,0,145,2839460,0,2834564,0,0,0,0,0,56,1,199,22664,0,0,0,0,0,0,0,0,1218123,4632,0,0,0,5928898,109925602,2446255,0,0,0,193,5928898,109925602,0,0,53770,4050,30758,26708,26708,0,0,100512,0,0,364,0,0,0,0,0,0,0,59,0,59,0,0,0,0,0,0,0,0,0,0,0,0,0,0,0,0,0,0,0,0,766,46,0
1781124877.002563,2563,ubuntu-rog,1,0,0,9506537,6449,279917,5208860,444438,0,34,0,0,0,0,0,2256799339,0,0,4907,2257958648,0,6449,279917,5208860,444438,0,547593,193149,0,0,84274,0,204,0,0,0,8,0,280614,110523,5659167,33,1,0,5712,0,0,0,0,0,145,0,66565775,61401869,0,0,134915,134915,15184,7916,0,0,145,0,0,0,0,0,0,3008029,1502178,0,262144,9954932,296710893,0,145,1026,1063858,2336574151,0,0,0,0,0,5,0,0,0,0,0,0,2348381022,3911,21780,3122404,2065355159,30254,0,336589,150645833,2834239,325,0,2839276,329,0,0,145,2839460,0,2834564,0,0,0,0,0,56,1,199,22664,0,0,0,0,0,0,0,0,1218123,4632,0,0,0,5928898,109925602,2446255,0,0,0,193,5928898,109925602,0,0,53770,4050,30758,26708,26708,0,0,100512,0,0,364,0,0,0,0,0,0,0,59,0,59,0,0,0,0,0,0,0,0,0,0,0,0,0,0,0,0,0,0,0,0,766,46,0
1781124878.002406,2406,ubuntu-rog,1,0,0,9506537,6449,279927,5208867,444438,0,19,0,0,0,0,0,2256799357,0,0,4907,2257958666,0,6449,279927,5208867,444438,0,547593,193149,0,0,84274,0,204,0,0,0,8,0,280615,110523,5659167,19,0,0,5712,0,0,0,0,0,145,0,66565775,61401884,0,0,134915,134915,15184,7916,0,0,145,0,0,0,0,0,0,3008031,1502179,0,262144,9954932,296710945,0,145,1026,1063858,2336574169,0,0,0,0,0,5,0,0,0,0,0,0,2348381039,3911,21780,3122404,2065355160,30254,0,336589,150645833,2834239,325,0,2839276,329,0,0,145,2839460,0,2834564,0,0,0,0,0,56,1,199,22664,0,0,0,0,0,0,0,0,1218123,4632,0,0,0,5928898,109925602,2446255,0,0,0,193,5928898,109925602,0,0,53770,4050,30758,26708,26708,0,0,100512,0,0,364,0,0,0,0,0,0,0,59,0,59,0,0,0,0,0,0,0,0,0,0,0,0,0,0,0,0,0,0,0,0,766,46,0
1781124879.002118,2118,ubuntu-rog,1,0,0,9506537,6449,279927,5208867,444438,0,19,0,0,0,0,0,2256799378,0,0,4907,2257958687,0,6449,279927,5208867,444438,0,547593,193147,0,0,84274,0,204,0,0,0,8,0,280619,110523,5659167,19,0,0,5712,0,0,0,0,0,145,0,66565775,61401884,0,0,134915,134915,15184,7916,0,0,145,0,0,0,0,0,0,3008031,1502179,0,262144,9954932,296710945,0,145,1026,1063858,2336574197,0,0,0,0,0,5,0,0,0,0,0,0,2348381056,3911,21780,3122404,2065355165,30254,0,336589,150645834,2834239,325,0,2839276,329,0,0,145,2839460,0,2834564,0,0,0,0,0,56,1,199,22664,0,0,0,0,0,0,0,0,1218123,4632,0,0,0,5928898,109925602,2446255,0,0,0,193,5928898,109925602,0,0,53770,4050,30758,26708,26708,0,0,100512,0,0,364,0,0,0,0,0,0,0,59,0,59,0,0,0,0,0,0,0,0,0,0,0,0,0,0,0,0,0,0,0,0,766,46,0
1781124880.001550,1550,ubuntu-rog,1,0,0,9506537,6449,279927,5208867,444438,0,20,0,0,0,0,0,2256799395,0,0,4907,2257958704,0,6449,279927,5208867,444438,0,547593,193147,0,0,84274,0,204,0,0,0,8,0,280619,110523,5659168,20,0,0,5712,0,0,0,0,0,145,0,66565776,61401884,0,0,134915,134915,15184,7916,0,0,145,0,0,0,0,0,0,3008031,1502179,0,262144,9954932,296710945,0,145,1026,1063858,2336574214,0,0,0,0,0,5,0,0,0,0,0,0,2348381080,3911,21780,3122404,2065355166,30254,0,336589,150645834,2834239,325,0,2839276,329,0,0,145,2839460,0,2834564,0,0,0,0,0,56,1,199,22664,0,0,0,0,0,0,0,0,1218123,4632,0,0,0,5928898,109925602,2446255,0,0,0,193,5928898,109925602,0,0,53770,4050,30758,26708,26708,0,0,100512,0,0,364,0,0,0,0,0,0,0,59,0,59,0,0,0,0,0,0,0,0,0,0,0,0,0,0,0,0,0,0,0,0,766,46,0
1781124881.002308,2308,ubuntu-rog,1,0,0,9506537,6449,279927,5208867,444438,0,21,0,0,0,0,0,2256799420,0,0,4907,2257958729,0,6449,279927,5208867,444438,0,547593,193147,0,0,84274,0,204,0,0,0,8,0,280619,110523,5659169,21,0,0,5712,0,0,0,0,0,145,0,66565777,61401884,0,0,134915,134915,15184,7916,0,0,145,0,0,0,0,0,0,3008031,1502179,0,262144,9954932,296711013,0,145,1026,1063858,2336574239,0,0,0,0,0,5,0,0,0,0,0,0,2348381101,3911,21780,3122404,2065355169,30254,0,336589,150645834,2834239,325,0,2839276,329,0,0,145,2839460,0,2834564,0,0,0,0,0,56,1,199,22664,0,0,0,0,0,0,0,0,1218123,4632,0,0,0,5928898,109925602,2446255,0,0,0,193,5928898,109925602,0,0,53770,4050,30758,26708,26708,0,0,100512,0,0,364,0,0,0,0,0,0,0,59,0,59,0,0,0,0,0,0,0,0,0,0,0,0,0,0,0,0,0,0,0,0,766,46,0
1781124882.002258,2258,ubuntu-rog,1,0,0,9506537,6449,279927,5208867,444438,0,21,0,0,0,0,0,2256799440,0,0,4907,2257958749,0,6449,279927,5208867,444438,0,547593,193147,0,0,84274,0,204,0,0,0,8,0,280619,110523,5659169,21,0,0,5712,0,0,0,0,0,145,0,66565777,61401884,0,0,134915,134915,15184,7916,0,0,145,0,0,0,0,0,0,3008031,1502179,0,262144,9954932,296711013,0,145,1026,1063858,2336574266,0,0,0,0,0,5,0,0,0,0,0,0,2348381120,3911,21780,3122404,2065355169,30254,0,336589,150645834,2834239,325,0,2839276,329,0,0,145,2839460,0,2834564,0,0,0,0,0,56,1,199,22664,0,0,0,0,0,0,0,0,1218123,4632,0,0,0,5928898,109925602,2446255,0,0,0,193,5928898,109925602,0,0,53770,4050,30758,26708,26708,0,0,100512,0,0,364,0,0,0,0,0,0,0,59,0,59,0,0,0,0,0,0,0,0,0,0,0,0,0,0,0,0,0,0,0,0,766,46,0
1781124883.002092,2092,ubuntu-rog,1,0,0,9506537,6449,279958,5208867,444438,0,15,0,0,0,0,0,2256799463,0,0,4907,2257958772,0,6449,279958,5208867,444438,0,547593,193147,0,0,84274,0,204,0,0,0,8,0,280626,110523,5659170,15,0,0,5712,0,0,0,0,0,145,0,66565792,61401905,0,0,134915,134915,15184,7916,0,0,145,0,0,0,0,0,0,3008031,1502179,0,262144,9954932,296711097,0,145,1026,1063858,2336574289,0,0,0,0,0,5,0,0,0,0,0,0,2348381147,3911,21780,3122404,2065355172,30254,0,336589,150645834,2834239,325,0,2839276,329,0,0,145,2839460,0,2834564,0,0,0,0,0,56,1,199,22664,0,0,0,0,0,0,0,0,1218123,4632,0,0,0,5928898,109925602,2446255,0,0,0,193,5928898,109925602,0,0,53770,4050,30758,26708,26708,0,0,100512,0,0,364,0,0,0,0,0,0,0,59,0,59,0,0,0,0,0,0,0,0,0,0,0,0,0,0,0,0,0,0,0,0,766,46,0
1781124884.001837,1837,ubuntu-rog,1,0,0,9506537,6449,279958,5208867,444438,0,15,0,0,0,0,0,2256799482,0,0,4907,2257958791,0,6449,279958,5208867,444438,0,547593,193147,0,0,84274,0,204,0,0,0,8,0,280627,110523,5659170,15,0,0,5712,0,0,0,0,0,145,0,66565792,61401905,0,0,134915,134915,15184,7916,0,0,145,0,0,0,0,0,0,3008031,1502179,0,262144,9954932,296711097,0,145,1026,1063858,2336574308,0,0,0,0,0,5,0,0,0,0,0,0,2348381167,3911,21780,3122404,2065355174,30254,0,336589,150645834,2834239,325,0,2839276,329,0,0,145,2839460,0,2834564,0,0,0,0,0,56,1,199,22664,0,0,0,0,0,0,0,0,1218123,4632,0,0,0,5928898,109925602,2446255,0,0,0,193,5928898,109925602,0,0,53770,4050,30758,26708,26708,0,0,100512,0,0,364,0,0,0,0,0,0,0,59,0,59,0,0,0,0,0,0,0,0,0,0,0,0,0,0,0,0,0,0,0,0,766,46,0
1781124885.002312,2312,ubuntu-rog,1,0,0,9506537,6449,279955,5208867,444438,0,17,0,0,0,0,0,2256799517,0,0,4907,2257958826,0,6449,279955,5208867,444438,0,547593,193147,0,0,84274,0,204,0,0,0,8,0,280628,110523,5659171,17,0,0,5712,0,0,0,0,0,145,0,66565794,61401905,0,0,134915,134915,15184,7916,0,0,145,0,0,0,0,0,0,3008031,1502179,0,262144,9954932,296711097,0,145,1026,1063858,2336574350,0,0,0,0,0,5,0,0,0,0,0,0,2348381196,3911,21780,3122404,2065355179,30254,0,336589,150645835,2834239,325,0,2839276,329,0,0,145,2839460,0,2834564,0,0,0,0,0,56,1,199,22664,0,0,0,0,0,0,0,0,1218123,4632,0,0,0,5928898,109925602,2446255,0,0,0,193,5928898,109925602,0,0,53770,4050,30758,26708,26708,0,0,100512,0,0,364,0,0,0,0,0,0,0,59,0,59,0,0,0,0,0,0,0,0,0,0,0,0,0,0,0,0,0,0,0,0,766,46,0
1781124886.002080,2080,ubuntu-rog,1,0,0,9506537,6449,279955,5208867,444438,0,21,0,0,0,0,0,2256799550,0,0,4907,2257958859,0,6449,279955,5208867,444438,0,547593,193147,0,0,84274,0,204,0,0,0,8,0,280632,110523,5659173,21,0,0,5712,0,0,0,0,0,145,0,66565798,61401905,0,0,134915,134915,15184,7916,0,0,145,0,0,0,0,0,0,3008031,1502179,0,262144,9954932,296711121,0,145,1026,1063858,2336574383,0,0,0,0,0,5,0,0,0,0,0,0,2348381231,3911,21780,3122404,2065355183,30254,0,336589,150645835,2834239,325,0,2839276,329,0,0,145,2839460,0,2834564,0,0,0,0,0,56,1,199,22664,0,0,0,0,0,0,0,0,1218123,4632,0,0,0,5928898,109925602,2446255,0,0,0,193,5928898,109925602,0,0,53770,4050,30758,26708,26708,0,0,100512,0,0,364,0,0,0,0,0,0,0,59,0,59,0,0,0,0,0,0,0,0,0,0,0,0,0,0,0,0,0,0,0,0,766,46,0
1781124887.002035,2035,ubuntu-rog,1,0,0,9506537,6449,279955,5208867,444438,0,21,0,0,0,0,0,2256799566,0,0,4907,2257958875,0,6449,279955,5208867,444438,0,547593,193147,0,0,84274,0,204,0,0,0,8,0,280632,110523,5659173,21,0,0,5712,0,0,0,0,0,145,0,66565798,61401905,0,0,134915,134915,15184,7916,0,0,145,0,0,0,0,0,0,3008031,1502179,0,262144,9954932,296711121,0,145,1026,1063858,2336574399,0,0,0,0,0,5,0,0,0,0,0,0,2348381247,3911,21780,3122404,2065355183,30254,0,336589,150645835,2834239,325,0,2839276,329,0,0,145,2839460,0,2834564,0,0,0,0,0,56,1,199,22664,0,0,0,0,0,0,0,0,1218123,4632,0,0,0,5928898,109925602,2446255,0,0,0,193,5928898,109925602,0,0,53770,4050,30758,26708,26708,0,0,100512,0,0,364,0,0,0,0,0,0,0,59,0,59,0,0,0,0,0,0,0,0,0,0,0,0,0,0,0,0,0,0,0,0,766,46,0
1781124888.001856,1856,ubuntu-rog,1,0,0,9506537,6449,279955,5208867,444438,0,21,0,0,0,0,0,2256799589,0,0,4907,2257958898,0,6449,279955,5208867,444438,0,547593,193147,0,0,84274,0,204,0,0,0,8,0,280632,110523,5659173,21,0,0,5712,0,0,0,0,0,145,0,66565798,61401905,0,0,134915,134915,15184,7916,0,0,145,0,0,0,0,0,0,3008031,1502179,0,262144,9954932,296711121,0,145,1026,1063858,2336574429,0,0,0,0,0,5,0,0,0,0,0,0,2348381268,3911,21780,3122404,2065355184,30254,0,336589,150645835,2834239,325,0,2839276,329,0,0,145,2839460,0,2834564,0,0,0,0,0,56,1,199,22664,0,0,0,0,0,0,0,0,1218123,4632,0,0,0,5928898,109925602,2446255,0,0,0,193,5928898,109925602,0,0,53770,4050,30758,26708,26708,0,0,100512,0,0,364,0,0,0,0,0,0,0,59,0,59,0,0,0,0,0,0,0,0,0,0,0,0,0,0,0,0,0,0,0,0,766,46,0
1781124889.002612,2612,ubuntu-rog,1,0,0,9506537,6449,279955,5208867,444438,0,21,0,0,0,0,0,2256799611,0,0,4907,2257958920,0,6449,279955,5208867,444438,0,547593,193147,0,0,84274,0,204,0,0,0,8,0,280634,110523,5659173,21,0,0,5712,0,0,0,0,0,145,0,66565798,61401905,0,0,134915,134915,15184,7916,0,0,145,0,0,0,0,0,0,3008031,1502179,0,262144,9954932,296711121,0,145,1026,1063858,2336574451,0,0,0,0,0,5,0,0,0,0,0,0,2348381297,3911,21780,3122404,2065355185,30254,0,336589,150645835,2834239,325,0,2839276,329,0,0,145,2839460,0,2834564,0,0,0,0,0,56,1,199,22664,0,0,0,0,0,0,0,0,1218123,4632,0,0,0,5928898,109925602,2446255,0,0,0,193,5928898,109925602,0,0,53770,4050,30758,26708,26708,0,0,100512,0,0,364,0,0,0,0,0,0,0,59,0,59,0,0,0,0,0,0,0,0,0,0,0,0,0,0,0,0,0,0,0,0,766,46,0
1781124890.002070,2070,ubuntu-rog,1,0,0,9506537,6449,279955,5208867,444438,0,21,0,0,0,0,0,2256799632,0,0,4907,2257958941,0,6449,279955,5208867,444438,0,547593,193147,0,0,84274,0,204,0,0,0,8,0,280637,110523,5659173,21,0,0,5712,0,0,0,0,0,145,0,66565798,61401905,0,0,134915,134915,15184,7916,0,0,145,0,0,0,0,0,0,3008031,1502179,0,262144,9954932,296711121,0,145,1026,1063858,2336574472,0,0,0,0,0,5,0,0,0,0,0,0,2348381313,3911,21780,3122404,2065355189,30254,0,336589,150645835,2834239,325,0,2839276,329,0,0,145,2839460,0,2834564,0,0,0,0,0,56,1,199,22664,0,0,0,0,0,0,0,0,1218123,4632,0,0,0,5928898,109925602,2446255,0,0,0,193,5928898,109925602,0,0,53770,4050,30758,26708,26708,0,0,100512,0,0,364,0,0,0,0,0,0,0,59,0,59,0,0,0,0,0,0,0,0,0,0,0,0,0,0,0,0,0,0,0,0,766,46,0
1781124891.001798,1798,ubuntu-rog,1,0,0,9506537,6449,279955,5208867,444438,0,23,0,0,0,0,0,2256799654,0,0,4907,2257958963,0,6449,279955,5208867,444438,0,547593,193147,0,0,84274,0,204,0,0,0,8,0,280640,110523,5659175,23,0,0,5712,0,0,0,0,0,145,0,66565800,61401905,0,0,134915,134915,15184,7916,0,0,145,0,0,0,0,0,0,3008031,1502179,0,262144,9954932,296711137,0,145,1026,1063858,2336574501,0,0,0,0,0,5,0,0,0,0,0,0,2348381331,3911,21780,3122404,2065355191,30254,0,336589,150645835,2834239,325,0,2839276,329,0,0,145,2839460,0,2834564,0,0,0,0,0,56,1,199,22664,0,0,0,0,0,0,0,0,1218123,4632,0,0,0,5928898,109925602,2446255,0,0,0,193,5928898,109925602,0,0,53770,4050,30758,26708,26708,0,0,100512,0,0,364,0,0,0,0,0,0,0,59,0,59,0,0,0,0,0,0,0,0,0,0,0,0,0,0,0,0,0,0,0,0,766,46,0
1781124892.001749,1749,ubuntu-rog,1,0,0,9506537,6449,279955,5208867,444438,0,23,0,0,0,0,0,2256799669,0,0,4907,2257958978,0,6449,279955,5208867,444438,0,547593,193147,0,0,84274,0,204,0,0,0,8,0,280640,110523,5659175,23,0,0,5712,0,0,0,0,0,145,0,66565800,61401905,0,0,134915,134915,15184,7916,0,0,145,0,0,0,0,0,0,3008031,1502179,0,262144,9954932,296711137,0,145,1026,1063858,2336574516,0,0,0,0,0,5,0,0,0,0,0,0,2348381354,3911,21780,3122404,2065355191,30254,0,336589,150645835,2834239,325,0,2839276,329,0,0,145,2839460,0,2834564,0,0,0,0,0,56,1,199,22664,0,0,0,0,0,0,0,0,1218123,4632,0,0,0,5928898,109925602,2446255,0,0,0,193,5928898,109925602,0,0,53770,4050,30758,26708,26708,0,0,100512,0,0,364,0,0,0,0,0,0,0,59,0,59,0,0,0,0,0,0,0,0,0,0,0,0,0,0,0,0,0,0,0,0,766,46,0
1781124893.002603,2603,ubuntu-rog,1,0,0,9506537,6449,279955,5208867,444438,0,23,0,0,0,0,0,2256799689,0,0,4907,2257958998,0,6449,279955,5208867,444438,0,547593,193147,0,0,84274,0,204,0,0,0,8,0,280643,110523,5659175,23,0,0,5712,0,0,0,0,0,145,0,66565800,61401905,0,0,134915,134915,15184,7916,0,0,145,0,0,0,0,0,0,3008031,1502179,0,262144,9954932,296711137,0,145,1026,1063858,2336574536,0,0,0,0,0,5,0,0,0,0,0,0,2348381370,3911,21780,3122404,2065355194,30254,0,336589,150645835,2834239,325,0,2839276,329,0,0,145,2839460,0,2834564,0,0,0,0,0,56,1,199,22664,0,0,0,0,0,0,0,0,1218123,4632,0,0,0,5928898,109925602,2446255,0,0,0,193,5928898,109925602,0,0,53770,4050,30758,26708,26708,0,0,100512,0,0,364,0,0,0,0,0,0,0,59,0,59,0,0,0,0,0,0,0,0,0,0,0,0,0,0,0,0,0,0,0,0,766,46,0
1781124894.002367,2367,ubuntu-rog,1,0,0,9506537,6449,279955,5208867,444438,0,23,0,0,0,0,0,2256799720,0,0,4907,2257959029,0,6449,279955,5208867,444438,0,547593,193147,0,0,84274,0,204,0,0,0,8,0,280644,110523,5659175,23,0,0,5712,0,0,0,0,0,145,0,66565800,61401905,0,0,134915,134915,15184,7916,0,0,145,0,0,0,0,0,0,3008031,1502179,0,262144,9954932,296711137,0,145,1026,1063858,2336574574,0,0,0,0,0,5,0,0,0,0,0,0,2348381396,3911,21780,3122404,2065355300,30254,0,336589,150645929,2834239,325,0,2839276,329,0,0,145,2839460,0,2834564,0,0,0,0,0,56,1,199,22664,0,0,0,0,0,0,0,0,1218123,4632,0,0,0,5928898,109925602,2446255,0,0,0,193,5928898,109925602,0,0,53770,4050,30758,26708,26708,0,0,100512,0,0,364,0,0,0,0,0,0,0,59,0,59,0,0,0,0,0,0,0,0,0,0,0,0,0,0,0,0,0,0,0,0,766,46,0
1781124895.001803,1803,ubuntu-rog,1,0,0,9506411,6449,279958,5208867,444438,0,24,0,0,0,0,0,2256799798,0,0,4907,2257959107,0,6449,279958,5208867,444438,0,547593,193147,0,0,84274,0,204,0,0,0,8,0,280658,110523,5659176,24,0,0,5712,0,0,0,0,0,145,0,66565801,61401905,0,0,134915,134915,15184,7917,0,0,145,0,0,0,0,0,0,3008005,1502166,0,262144,9954932,296711137,0,145,1026,1063858,2336574652,0,0,0,0,0,5,0,0,0,0,0,0,2348381470,3911,21780,3122404,2065355377,30254,0,336589,150645929,2834239,325,0,2839276,329,0,0,145,2839460,0,2834564,0,0,0,0,0,56,1,199,22664,0,0,0,0,0,0,0,0,1218123,4632,0,0,0,5928898,109925602,2446255,0,0,0,193,5928898,109925602,0,0,53770,4050,30758,26708,26708,0,0,100512,0,0,364,0,0,0,0,0,0,0,59,0,59,0,0,0,0,0,0,0,0,0,0,0,0,0,0,0,0,0,0,0,0,766,46,0
1781124896.001561,1561,ubuntu-rog,1,0,0,9506411,6449,279958,5208867,444438,0,25,0,0,0,0,0,2256799820,0,0,4907,2257959129,0,6449,279958,5208867,444438,0,547593,193147,0,0,84274,0,204,0,0,0,8,0,280660,110523,5659179,25,0,0,5712,0,0,0,0,0,145,0,66565802,61401905,0,0,134915,134915,15184,7917,0,0,145,0,0,0,0,0,0,3008005,1502166,0,262144,9954932,296711153,0,145,1026,1063858,2336574674,0,0,0,0,0,5,0,0,0,0,0,0,2348381487,3911,21780,3122404,2065355379,30254,0,336589,150645929,2834239,325,0,2839276,329,0,0,145,2839460,0,2834564,0,0,0,0,0,56,1,199,22664,0,0,0,0,0,0,0,0,1218123,4632,0,0,0,5928898,109925602,2446255,0,0,0,193,5928898,109925602,0,0,53770,4050,30758,26708,26708,0,0,100512,0,0,364,0,0,0,0,0,0,0,59,0,59,0,0,0,0,0,0,0,0,0,0,0,0,0,0,0,0,0,0,0,0,766,46,0
1781124897.002511,2511,ubuntu-rog,1,0,0,9506411,6449,279958,5208867,444438,0,27,0,0,0,0,0,2256799843,0,0,4907,2257959152,0,6449,279958,5208867,444438,0,547593,193147,0,0,84274,0,204,0,0,0,8,0,280666,110523,5659181,27,0,0,5712,0,0,0,0,0,145,0,66565804,61401905,0,0,134915,134915,15184,7917,0,0,145,0,0,0,0,0,0,3008005,1502166,0,262144,9954932,296711153,0,145,1026,1063858,2336574697,0,0,0,0,0,5,0,0,0,0,0,0,2348381502,3911,21780,3122404,2065355385,30254,0,336589,150645929,2834239,325,0,2839276,329,0,0,145,2839460,0,2834564,0,0,0,0,0,56,1,199,22664,0,0,0,0,0,0,0,0,1218123,4632,0,0,0,5928898,109925602,2446255,0,0,0,193,5928898,109925602,0,0,53770,4050,30758,26708,26708,0,0,100512,0,0,364,0,0,0,0,0,0,0,59,0,59,0,0,0,0,0,0,0,0,0,0,0,0,0,0,0,0,0,0,0,0,766,46,0
1781124898.002357,2357,ubuntu-rog,1,0,0,9506411,6449,279958,5208867,444438,0,27,0,0,0,0,0,2256799859,0,0,4907,2257959168,0,6449,279958,5208867,444438,0,547593,193147,0,0,84274,0,204,0,0,0,8,0,280666,110523,5659181,27,0,0,5712,0,0,0,0,0,145,0,66565804,61401905,0,0,134915,134915,15184,7917,0,0,145,0,0,0,0,0,0,3008005,1502166,0,262144,9954932,296711153,0,145,1026,1063858,2336574713,0,0,0,0,0,5,0,0,0,0,0,0,2348381518,3911,21780,3122404,2065355385,30254,0,336589,150645929,2834239,325,0,2839276,329,0,0,145,2839460,0,2834564,0,0,0,0,0,56,1,199,22664,0,0,0,0,0,0,0,0,1218123,4632,0,0,0,5928898,109925602,2446255,0,0,0,193,5928898,109925602,0,0,53770,4050,30758,26708,26708,0,0,100512,0,0,364,0,0,0,0,0,0,0,59,0,59,0,0,0,0,0,0,0,0,0,0,0,0,0,0,0,0,0,0,0,0,766,46,0
1781124899.002105,2105,ubuntu-rog,1,0,0,9506411,6449,279958,5208867,444438,0,27,0,0,0,0,0,2256799877,0,0,4907,2257959186,0,6449,279958,5208867,444438,0,547593,193147,0,0,84274,0,204,0,0,0,8,0,280666,110523,5659181,27,0,0,5712,0,0,0,0,0,145,0,66565804,61401905,0,0,134915,134915,15184,7917,0,0,145,0,0,0,0,0,0,3008005,1502166,0,262144,9954932,296711153,0,145,1026,1063858,2336574731,0,0,0,0,0,5,0,0,0,0,0,0,2348381535,3911,21780,3122404,2065355386,30254,0,336589,150645929,2834239,325,0,2839276,329,0,0,145,2839460,0,2834564,0,0,0,0,0,56,1,199,22664,0,0,0,0,0,0,0,0,1218123,4632,0,0,0,5928898,109925602,2446255,0,0,0,193,5928898,109925602,0,0,53770,4050,30758,26708,26708,0,0,100512,0,0,364,0,0,0,0,0,0,0,59,0,59,0,0,0,0,0,0,0,0,0,0,0,0,0,0,0,0,0,0,0,0,766,46,0
1781124900.001552,1552,ubuntu-rog,1,0,0,9506411,6449,279989,5208867,444438,0,28,0,0,0,0,0,2256799900,0,0,4907,2257959209,0,6449,279989,5208867,444438,0,547593,193147,0,0,84274,0,204,0,0,0,8,0,280671,110523,5659182,28,0,0,5712,0,0,0,0,0,145,0,66565805,61401905,0,0,134915,134915,15184,7917,0,0,145,0,0,0,0,0,0,3008005,1502166,0,262144,9954932,296711153,0,145,1026,1063858,2336574754,0,0,0,0,0,5,0,0,0,0,0,0,2348381554,3911,21780,3122404,2065355390,30254,0,336589,150645929,2834239,325,0,2839276,329,0,0,145,2839460,0,2834564,0,0,0,0,0,56,1,199,22664,0,0,0,0,0,0,0,0,1218123,4632,0,0,0,5928898,109925602,2446255,0,0,0,193,5928898,109925602,0,0,53770,4050,30758,26708,26708,0,0,100512,0,0,364,0,0,0,0,0,0,0,59,0,59,0,0,0,0,0,0,0,0,0,0,0,0,0,0,0,0,0,0,0,0,766,46,0
1781124901.002303,2303,ubuntu-rog,1,0,0,9506411,6449,279989,5208867,444438,0,28,0,0,0,0,0,2256799920,0,0,4907,2257959229,0,6449,279989,5208867,444438,0,547593,193147,0,0,84274,0,204,0,0,0,8,0,280671,110523,5659182,28,0,0,5712,0,0,0,0,0,145,0,66565805,61401905,0,0,134915,134915,15184,7917,0,0,145,0,0,0,0,0,0,3008005,1502166,0,262144,9954932,296711169,0,145,1026,1063858,2336574774,0,0,0,0,0,5,0,0,0,0,0,0,2348381572,3911,21780,3122404,2065355390,30254,0,336589,150645929,2834239,325,0,2839276,329,0,0,145,2839460,0,2834564,0,0,0,0,0,56,1,199,22664,0,0,0,0,0,0,0,0,1218123,4632,0,0,0,5928898,109925602,2446255,0,0,0,193,5928898,109925602,0,0,53770,4050,30758,26708,26708,0,0,100512,0,0,364,0,0,0,0,0,0,0,59,0,59,0,0,0,0,0,0,0,0,0,0,0,0,0,0,0,0,0,0,0,0,766,46,0
1781124902.002258,2258,ubuntu-rog,1,0,0,9506411,6449,280022,5208892,444438,0,75,0,0,0,0,0,2256800361,0,0,4907,2257959670,0,6449,280022,5208892,444438,0,547593,193147,0,0,84274,0,204,0,0,0,8,0,280676,110539,5659184,75,0,0,5712,0,0,0,0,0,145,0,66565852,61401905,0,0,134915,134915,15184,7919,0,0,145,0,0,0,0,0,0,3008010,1502169,0,262144,9954932,296711169,0,145,1026,1063858,2336575215,0,0,0,0,0,5,0,0,0,0,0,0,2348381984,3911,21780,3122404,2065356108,30254,0,336589,150646046,2834239,325,0,2839276,329,0,0,145,2839460,0,2834564,0,0,0,0,0,56,1,199,22664,0,0,0,0,0,0,0,0,1218123,4632,0,0,0,5928898,109925602,2446255,0,0,0,193,5928898,109925602,0,0,53770,4050,30758,26708,26708,0,0,100512,0,0,364,0,0,0,0,0,0,0,59,0,59,0,0,0,0,0,0,0,0,0,0,0,0,0,0,0,0,0,0,0,0,766,46,0
1781124903.002124,2124,ubuntu-rog,1,0,0,9506411,6449,280022,5208892,444438,0,76,0,0,0,0,0,2256800384,0,0,4907,2257959693,0,6449,280022,5208892,444438,0,547593,193147,0,0,84274,0,204,0,0,0,8,0,280679,110539,5659185,76,0,0,5712,0,0,0,0,0,145,0,66565853,61401905,0,0,134915,134915,15184,7918,0,0,145,0,0,0,0,0,0,3008010,1502169,0,262144,9954932,296711169,0,145,1026,1063858,2336575238,0,0,0,0,0,5,0,0,0,0,0,0,2348382003,3911,21780,3122404,2065356111,30254,0,336589,150646046,2834239,325,0,2839276,329,0,0,145,2839460,0,2834564,0,0,0,0,0,56,1,199,22664,0,0,0,0,0,0,0,0,1218123,4632,0,0,0,5928898,109925602,2446255,0,0,0,193,5928898,109925602,0,0,53770,4050,30758,26708,26708,0,0,100512,0,0,364,0,0,0,0,0,0,0,59,0,59,0,0,0,0,0,0,0,0,0,0,0,0,0,0,0,0,0,0,0,0,766,46,0
1781124904.001851,1851,ubuntu-rog,1,0,0,9506411,6449,280022,5208892,444438,0,76,0,0,0,0,0,2256800403,0,0,4907,2257959712,0,6449,280022,5208892,444438,0,547593,193147,0,0,84274,0,204,0,0,0,8,0,280679,110539,5659185,76,0,0,5712,0,0,0,0,0,145,0,66565853,61401905,0,0,134915,134915,15184,7918,0,0,145,0,0,0,0,0,0,3008010,1502169,0,262144,9954932,296711169,0,145,1026,1063858,2336575257,0,0,0,0,0,5,0,0,0,0,0,0,2348382021,3911,21780,3122404,2065356112,30254,0,336589,150646046,2834239,325,0,2839276,329,0,0,145,2839460,0,2834564,0,0,0,0,0,56,1,199,22664,0,0,0,0,0,0,0,0,1218123,4632,0,0,0,5928898,109925602,2446255,0,0,0,193,5928898,109925602,0,0,53770,4050,30758,26708,26708,0,0,100512,0,0,364,0,0,0,0,0,0,0,59,0,59,0,0,0,0,0,0,0,0,0,0,0,0,0,0,0,0,0,0,0,0,766,46,0
1781124905.002323,2323,ubuntu-rog,1,0,0,9506411,6449,280022,5208892,444438,0,76,0,0,0,0,0,2256800422,0,0,4907,2257959731,0,6449,280022,5208892,444438,0,547593,193147,0,0,84274,0,204,0,0,0,8,0,280679,110539,5659185,76,0,0,5712,0,0,0,0,0,145,0,66565853,61401905,0,0,134915,134915,15184,7918,0,0,145,0,0,0,0,0,0,3008010,1502169,0,262144,9954932,296711169,0,145,1026,1063858,2336575276,0,0,0,0,0,5,0,0,0,0,0,0,2348382039,3911,21780,3122404,2065356113,30254,0,336589,150646046,2834239,325,0,2839276,329,0,0,145,2839460,0,2834564,0,0,0,0,0,56,1,199,22664,0,0,0,0,0,0,0,0,1218123,4632,0,0,0,5928898,109925602,2446255,0,0,0,193,5928898,109925602,0,0,53770,4050,30758,26708,26708,0,0,100512,0,0,364,0,0,0,0,0,0,0,59,0,59,0,0,0,0,0,0,0,0,0,0,0,0,0,0,0,0,0,0,0,0,766,46,0
1781124906.002072,2072,ubuntu-rog,1,0,0,9506411,6449,280022,5208892,444438,0,76,0,0,0,0,0,2256800441,0,0,4907,2257959750,0,6449,280022,5208892,444438,0,547593,193147,0,0,84274,0,204,0,0,0,8,0,280681,110539,5659185,76,0,0,5712,0,0,0,0,0,145,0,66565853,61401905,0,0,134915,134915,15184,7918,0,0,145,0,0,0,0,0,0,3008010,1502169,0,262144,9954932,296711213,0,145,1026,1063858,2336575295,0,0,0,0,0,5,0,0,0,0,0,0,2348382057,3911,21780,3122404,2065356113,30254,0,336589,150646046,2834239,325,0,2839276,329,0,0,145,2839460,0,2834564,0,0,0,0,0,56,1,199,22664,0,0,0,0,0,0,0,0,1218123,4632,0,0,0,5928898,109925602,2446255,0,0,0,193,5928898,109925602,0,0,53770,4050,30758,26708,26708,0,0,100512,0,0,364,0,0,0,0,0,0,0,59,0,59,0,0,0,0,0,0,0,0,0,0,0,0,0,0,0,0,0,0,0,0,766,46,0
1781124907.002020,2020,ubuntu-rog,1,0,0,9506411,6449,280022,5208892,444438,0,76,0,0,0,0,0,2256800464,0,0,4907,2257959773,0,6449,280022,5208892,444438,0,547593,193147,0,0,84274,0,204,0,0,0,8,0,280684,110539,5659185,76,0,0,5712,0,0,0,0,0,145,0,66565853,61401905,0,0,134915,134915,15184,7918,0,0,145,0,0,0,0,0,0,3008010,1502169,0,262144,9954932,296711213,0,145,1026,1063858,2336575325,0,0,0,0,0,5,0,0,0,0,0,0,2348382083,3911,21780,3122404,2065356116,30254,0,336589,150646046,2834239,325,0,2839276,329,0,0,145,2839460,0,2834564,0,0,0,0,0,56,1,199,22664,0,0,0,0,0,0,0,0,1218123,4632,0,0,0,5928898,109925602,2446255,0,0,0,193,5928898,109925602,0,0,53770,4050,30758,26708,26708,0,0,100512,0,0,364,0,0,0,0,0,0,0,59,0,59,0,0,0,0,0,0,0,0,0,0,0,0,0,0,0,0,0,0,0,0,766,46,0
1781124908.001835,1835,ubuntu-rog,1,0,0,9506411,6449,280033,5208892,444438,0,40,0,0,0,0,0,2256800491,0,0,4907,2257959800,0,6449,280033,5208892,444438,0,547593,193147,0,0,84274,0,204,0,0,0,8,0,280687,110539,5659190,40,0,0,5712,0,0,0,0,0,145,0,66565862,61401950,0,0,134915,134915,15184,7918,0,0,145,0,0,0,0,0,0,3008010,1502169,0,262144,9954932,296711417,0,145,1026,1063858,2336575352,0,0,0,0,0,5,0,0,0,0,0,0,2348382105,3911,21780,3122404,2065356120,30254,0,336589,150646047,2834239,325,0,2839276,329,0,0,145,2839460,0,2834564,0,0,0,0,0,56,1,199,22664,0,0,0,0,0,0,0,0,1218123,4632,0,0,0,5928898,109925602,2446255,0,0,0,193,5928898,109925602,0,0,53770,4050,30758,26708,26708,0,0,100512,0,0,364,0,0,0,0,0,0,0,59,0,59,0,0,0,0,0,0,0,0,0,0,0,0,0,0,0,0,0,0,0,0,766,46,0
1781124909.002600,2600,ubuntu-rog,1,0,0,9506411,6449,280033,5208892,444438,0,40,0,0,0,0,0,2256800506,0,0,4907,2257959815,0,6449,280033,5208892,444438,0,547593,193147,0,0,84274,0,204,0,0,0,8,0,280688,110539,5659190,40,0,0,5712,0,0,0,0,0,145,0,66565862,61401950,0,0,134915,134915,15184,7918,0,0,145,0,0,0,0,0,0,3008010,1502169,0,262144,9954932,296711421,0,145,1026,1063858,2336575367,0,0,0,0,0,5,0,0,0,0,0,0,2348382119,3911,21780,3122404,2065356121,30254,0,336589,150646047,2834239,325,0,2839276,329,0,0,145,2839460,0,2834564,0,0,0,0,0,56,1,199,22664,0,0,0,0,0,0,0,0,1218123,4632,0,0,0,5928898,109925602,2446255,0,0,0,193,5928898,109925602,0,0,53770,4050,30758,26708,26708,0,0,100512,0,0,364,0,0,0,0,0,0,0,59,0,59,0,0,0,0,0,0,0,0,0,0,0,0,0,0,0,0,0,0,0,0,766,46,0
1781124910.002052,2052,ubuntu-rog,1,0,0,9506411,6449,280033,5208892,444438,0,42,0,0,0,0,0,2256800531,0,0,4907,2257959840,0,6449,280033,5208892,444438,0,547593,193147,0,0,84274,0,204,0,0,0,8,0,280694,110539,5659192,42,0,0,5712,0,0,0,0,0,145,0,66565864,61401950,0,0,134915,134915,15184,7918,0,0,145,0,0,0,0,0,0,3008010,1502169,0,262144,9954932,296711421,0,145,1026,1063858,2336575392,0,0,0,0,0,5,0,0,0,0,0,0,2348382135,3911,21780,3122404,2065356128,30254,0,336589,150646047,2834239,325,0,2839276,329,0,0,145,2839460,0,2834564,0,0,0,0,0,56,1,199,22664,0,0,0,0,0,0,0,0,1218123,4632,0,0,0,5928898,109925602,2446255,0,0,0,193,5928898,109925602,0,0,53770,4050,30758,26708,26708,0,0,100512,0,0,364,0,0,0,0,0,0,0,59,0,59,0,0,0,0,0,0,0,0,0,0,0,0,0,0,0,0,0,0,0,0,766,46,0
1781124911.001785,1785,ubuntu-rog,1,0,0,9506411,6449,280036,5208895,444438,0,41,0,0,0,0,0,2256800550,0,0,4907,2257959859,0,6449,280036,5208895,444438,0,547593,193147,0,0,84274,0,204,0,0,0,8,0,280695,110539,5659192,41,0,0,5712,0,0,0,0,0,145,0,66565864,61401951,0,0,134915,134915,15184,7918,0,0,145,0,0,0,0,0,0,3008011,1502169,0,262144,9954932,296711493,0,145,1026,1063858,2336575411,0,0,0,0,0,5,0,0,0,0,0,0,2348382191,3911,21780,3122404,2065356128,30254,0,336589,150646047,2834239,325,0,2839276,329,0,0,145,2839460,0,2834564,0,0,0,0,0,56,1,199,22664,0,0,0,0,0,0,0,0,1218123,4632,0,0,0,5928898,109925602,2446255,0,0,0,193,5928898,109925602,0,0,53770,4050,30758,26708,26708,0,0,100512,0,0,364,0,0,0,0,0,0,0,59,0,59,0,0,0,0,0,0,0,0,0,0,0,0,0,0,0,0,0,0,0,0,766,46,0
1781124912.001738,1738,ubuntu-rog,1,0,0,9506411,6449,280004,5208895,444438,0,21,0,0,0,0,0,2256800568,0,0,4907,2257959877,0,6449,280004,5208895,444438,0,547593,193147,0,0,84274,0,204,0,0,0,8,0,280658,110539,5659192,21,0,0,5712,0,0,0,0,0,145,0,66565864,61401971,0,0,134915,134915,15184,7918,0,0,145,0,0,0,0,0,0,3008011,1502169,0,262144,9954932,296711493,0,145,1026,1063858,2336575429,0,0,0,0,0,5,0,0,0,0,0,0,2348382209,3911,21780,3122404,2065356128,30254,0,336589,150646047,2834239,325,0,2839276,329,0,0,145,2839460,0,2834564,0,0,0,0,0,56,1,199,22664,0,0,0,0,0,0,0,0,1218123,4632,0,0,0,5928898,109925602,2446255,0,0,0,193,5928898,109925602,0,0,53770,4050,30758,26708,26708,0,0,100512,0,0,364,0,0,0,0,0,0,0,59,0,59,0,0,0,0,0,0,0,0,0,0,0,0,0,0,0,0,0,0,0,0,766,46,0
1781124913.002582,2582,ubuntu-rog,1,0,0,9506411,6449,280004,5208895,444438,0,21,0,0,0,0,0,2256800593,0,0,4907,2257959902,0,6449,280004,5208895,444438,0,547593,193147,0,0,84274,0,204,0,0,0,8,0,280658,110539,5659192,21,0,0,5712,0,0,0,0,0,145,0,66565864,61401971,0,0,134915,134915,15184,7918,0,0,145,0,0,0,0,0,0,3008011,1502169,0,262144,9954932,296711493,0,145,1026,1063858,2336575454,0,0,0,0,0,5,0,0,0,0,0,0,2348382229,3911,21780,3122404,2065356131,30254,0,336589,150646047,2834239,325,0,2839276,329,0,0,145,2839460,0,2834564,0,0,0,0,0,56,1,199,22664,0,0,0,0,0,0,0,0,1218123,4632,0,0,0,5928898,109925602,2446255,0,0,0,193,5928898,109925602,0,0,53770,4050,30758,26708,26708,0,0,100512,0,0,364,0,0,0,0,0,0,0,59,0,59,0,0,0,0,0,0,0,0,0,0,0,0,0,0,0,0,0,0,0,0,766,46,0
1781124914.002342,2342,ubuntu-rog,1,0,0,9506411,6449,280004,5208895,444438,0,21,0,0,0,0,0,2256800613,0,0,4907,2257959922,0,6449,280004,5208895,444438,0,547593,193147,0,0,84274,0,204,0,0,0,8,0,280658,110539,5659192,21,0,0,5712,0,0,0,0,0,145,0,66565864,61401971,0,0,134915,134915,15184,7918,0,0,145,0,0,0,0,0,0,3008011,1502169,0,262144,9954932,296711509,0,145,1026,1063858,2336575474,0,0,0,0,0,5,0,0,0,0,0,0,2348382245,3911,21780,3122404,2065356133,30254,0,336589,150646047,2834239,325,0,2839276,329,0,0,145,2839460,0,2834564,0,0,0,0,0,56,1,199,22664,0,0,0,0,0,0,0,0,1218123,4632,0,0,0,5928898,109925602,2446255,0,0,0,193,5928898,109925602,0,0,53770,4050,30758,26708,26708,0,0,100512,0,0,364,0,0,0,0,0,0,0,59,0,59,0,0,0,0,0,0,0,0,0,0,0,0,0,0,0,0,0,0,0,0,766,46,0
1781124915.001775,1775,ubuntu-rog,1,0,0,9506411,6449,280015,5208900,444438,0,24,0,0,0,0,0,2256800635,0,0,4907,2257959944,0,6449,280015,5208900,444438,0,547593,193141,0,0,84274,0,204,0,0,0,8,0,280664,110539,5659196,24,0,0,5712,0,0,0,0,0,145,0,66565867,61401971,0,0,134915,134915,15184,7918,0,0,145,0,0,0,0,0,0,3008012,1502169,0,262144,9954932,296711509,0,145,1026,1063858,2336575496,0,0,0,0,0,5,0,0,0,0,0,0,2348382272,3911,21780,3122404,2065356134,30254,0,336589,150646047,2834239,325,0,2839276,329,0,0,145,2839460,0,2834564,0,0,0,0,0,56,1,199,22664,0,0,0,0,0,0,0,0,1218123,4632,0,0,0,5928898,109925602,2446255,0,0,0,193,5928898,109925602,0,0,53770,4050,30758,26708,26708,0,0,100512,0,0,364,0,0,0,0,0,0,0,59,0,59,0,0,0,0,0,0,0,0,0,0,0,0,0,0,0,0,0,0,0,0,766,46,0
1781124916.001539,1539,ubuntu-rog,1,0,0,9506411,6449,280015,5208900,444438,0,24,0,0,0,0,0,2256800651,0,0,4907,2257959960,0,6449,280015,5208900,444438,0,547593,193141,0,0,84274,0,204,0,0,0,8,0,280664,110539,5659196,24,0,0,5712,0,0,0,0,0,145,0,66565867,61401971,0,0,134915,134915,15184,7918,0,0,145,0,0,0,0,0,0,3008012,1502169,0,262144,9954932,296711509,0,145,1026,1063858,2336575512,0,0,0,0,0,5,0,0,0,0,0,0,2348382288,3911,21780,3122404,2065356134,30254,0,336589,150646047,2834239,325,0,2839276,329,0,0,145,2839460,0,2834564,0,0,0,0,0,56,1,199,22664,0,0,0,0,0,0,0,0,1218123,4632,0,0,0,5928898,109925602,2446255,0,0,0,193,5928898,109925602,0,0,53770,4050,30758,26708,26708,0,0,100512,0,0,364,0,0,0,0,0,0,0,59,0,59,0,0,0,0,0,0,0,0,0,0,0,0,0,0,0,0,0,0,0,0,766,46,0
1781124917.002497,2497,ubuntu-rog,1,0,0,9506411,6449,280046,5208900,444438,0,25,0,0,0,0,0,2256800672,0,0,4907,2257959981,0,6449,280046,5208900,444438,0,547593,193141,0,0,84274,0,204,0,0,0,8,0,280667,110539,5659197,25,0,0,5712,0,0,0,0,0,145,0,66565868,61401971,0,0,134915,134915,15184,7918,0,0,145,0,0,0,0,0,0,3008012,1502169,0,262144,9954932,296711509,0,145,1026,1063858,2336575540,0,0,0,0,0,5,0,0,0,0,0,0,2348382312,3911,21780,3122404,2065356137,30254,0,336589,150646047,2834239,325,0,2839276,329,0,0,145,2839460,0,2834564,0,0,0,0,0,56,1,199,22664,0,0,0,0,0,0,0,0,1218123,4632,0,0,0,5928898,109925602,2446255,0,0,0,193,5928898,109925602,0,0,53770,4050,30758,26708,26708,0,0,100512,0,0,364,0,0,0,0,0,0,0,59,0,59,0,0,0,0,0,0,0,0,0,0,0,0,0,0,0,0,0,0,0,0,766,46,0
1781124918.002353,2353,ubuntu-rog,1,0,0,9506411,6449,280046,5208900,444438,0,26,0,0,0,0,0,2256800693,0,0,4907,2257960002,0,6449,280046,5208900,444438,0,547593,193141,0,0,84274,0,204,0,0,0,8,0,280669,110539,5659198,26,0,0,5712,0,0,0,0,0,145,0,66565869,61401971,0,0,134915,134915,15184,7918,0,0,145,0,0,0,0,0,0,3008012,1502169,0,262144,9954932,296711509,0,145,1026,1063858,2336575561,0,0,0,0,0,5,0,0,0,0,0,0,2348382330,3911,21780,3122404,2065356139,30254,0,336589,150646047,2834239,325,0,2839276,329,0,0,145,2839460,0,2834564,0,0,0,0,0,56,1,199,22664,0,0,0,0,0,0,0,0,1218123,4632,0,0,0,5928898,109925602,2446255,0,0,0,193,5928898,109925602,0,0,53770,4050,30758,26708,26708,0,0,100512,0,0,364,0,0,0,0,0,0,0,59,0,59,0,0,0,0,0,0,0,0,0,0,0,0,0,0,0,0,0,0,0,0,766,46,0
1781124919.002110,2110,ubuntu-rog,1,0,0,9506411,6449,280046,5208901,444438,0,3,0,0,0,0,0,2256800716,0,0,4907,2257960025,0,6449,280046,5208901,444438,0,547593,193141,0,0,84274,0,204,0,0,0,8,0,280669,110539,5659199,3,0,0,5712,0,0,0,0,0,145,0,66565869,61401994,0,0,134915,134915,15184,7918,0,0,145,0,0,0,0,0,0,3008012,1502169,0,262144,9954932,296711617,0,145,1026,1063858,2336575584,0,0,0,0,0,5,0,0,0,0,0,0,2348382350,3911,21780,3122404,2065356141,30254,0,336589,150646047,2834239,325,0,2839276,329,0,0,145,2839460,0,2834564,0,0,0,0,0,56,1,199,22664,0,0,0,0,0,0,0,0,1218123,4632,0,0,0,5928898,109925602,2446255,0,0,0,193,5928898,109925602,0,0,53770,4050,30758,26708,26708,0,0,100512,0,0,364,0,0,0,0,0,0,0,59,0,59,0,0,0,0,0,0,0,0,0,0,0,0,0,0,0,0,0,0,0,0,766,46,0
1781124920.001545,1545,ubuntu-rog,1,0,0,9506411,6449,280046,5208901,444438,0,3,0,0,0,0,0,2256800738,0,0,4907,2257960047,0,6449,280046,5208901,444438,0,547593,193141,0,0,84274,0,204,0,0,0,8,0,280669,110539,5659199,3,0,0,5712,0,0,0,0,0,145,0,66565869,61401994,0,0,134915,134915,15184,7918,0,0,145,0,0,0,0,0,0,3008012,1502169,0,262144,9954932,296711617,0,145,1026,1063858,2336575606,0,0,0,0,0,5,0,0,0,0,0,0,2348382367,3911,21780,3122404,2065356145,30254,0,336589,150646047,2834239,325,0,2839276,329,0,0,145,2839460,0,2834564,0,0,0,0,0,56,1,199,22664,0,0,0,0,0,0,0,0,1218123,4632,0,0,0,5928898,109925602,2446255,0,0,0,193,5928898,109925602,0,0,53770,4050,30758,26708,26708,0,0,100512,0,0,364,0,0,0,0,0,0,0,59,0,59,0,0,0,0,0,0,0,0,0,0,0,0,0,0,0,0,0,0,0,0,766,46,0
1781124921.002303,2303,ubuntu-rog,1,0,0,9506411,6449,280046,5208901,444438,0,5,0,0,0,0,0,2256800753,0,0,4907,2257960062,0,6449,280046,5208901,444438,0,547593,193141,0,0,84274,0,204,0,0,0,8,0,280675,110539,5659200,5,0,0,5712,0,0,0,0,0,145,0,66565871,61401994,0,0,134915,134915,15184,7918,0,0,145,0,0,0,0,0,0,3008012,1502169,0,262144,9954932,296711617,0,145,1026,1063858,2336575621,0,0,0,0,0,5,0,0,0,0,0,0,2348382382,3911,21780,3122404,2065356145,30254,0,336589,150646047,2834239,325,0,2839276,329,0,0,145,2839460,0,2834564,0,0,0,0,0,56,1,199,22664,0,0,0,0,0,0,0,0,1218123,4632,0,0,0,5928898,109925602,2446255,0,0,0,193,5928898,109925602,0,0,53770,4050,30758,26708,26708,0,0,100512,0,0,364,0,0,0,0,0,0,0,59,0,59,0,0,0,0,0,0,0,0,0,0,0,0,0,0,0,0,0,0,0,0,766,46,0
1781124922.002254,2254,ubuntu-rog,1,0,0,9506411,6449,280046,5208901,444438,0,7,0,0,0,0,0,2256800777,0,0,4907,2257960086,0,6449,280046,5208901,444438,0,547593,193141,0,0,84274,0,204,0,0,0,8,0,280678,110539,5659201,7,0,0,5712,0,0,0,0,0,145,0,66565873,61401994,0,0,134915,134915,15184,7918,0,0,145,0,0,0,0,0,0,3008012,1502169,0,262144,9954932,296711617,0,145,1026,1063858,2336575645,0,0,0,0,0,5,0,0,0,0,0,0,2348382401,3911,21780,3122404,2065356149,30254,0,336589,150646047,2834239,325,0,2839276,329,0,0,145,2839460,0,2834564,0,0,0,0,0,56,1,199,22664,0,0,0,0,0,0,0,0,1218123,4632,0,0,0,5928898,109925602,2446255,0,0,0,193,5928898,109925602,0,0,53770,4050,30758,26708,26708,0,0,100512,0,0,364,0,0,0,0,0,0,0,59,0,59,0,0,0,0,0,0,0,0,0,0,0,0,0,0,0,0,0,0,0,0,766,46,0
1781124923.002095,2095,ubuntu-rog,1,0,0,9506411,6449,280049,5208901,444438,0,7,0,0,0,0,0,2256800795,0,0,4907,2257960104,0,6449,280049,5208901,444438,0,547593,193141,0,0,84274,0,204,0,0,0,8,0,280679,110539,5659201,7,0,0,5712,0,0,0,0,0,145,0,66565873,61401994,0,0,134915,134915,15184,7918,0,0,145,0,0,0,0,0,0,3008012,1502169,0,262144,9954932,296711617,0,145,1026,1063858,2336575670,0,0,0,0,0,5,0,0,0,0,0,0,2348382418,3911,21780,3122404,2065356149,30254,0,336589,150646047,2834239,325,0,2839276,329,0,0,145,2839460,0,2834564,0,0,0,0,0,56,1,199,22664,0,0,0,0,0,0,0,0,1218123,4632,0,0,0,5928898,109925602,2446255,0,0,0,193,5928898,109925602,0,0,53770,4050,30758,26708,26708,0,0,100512,0,0,364,0,0,0,0,0,0,0,59,0,59,0,0,0,0,0,0,0,0,0,0,0,0,0,0,0,0,0,0,0,0,766,46,0
1781124924.001829,1829,ubuntu-rog,1,0,0,9506411,6449,280049,5208901,444438,0,7,0,0,0,0,0,2256800820,0,0,4907,2257960129,0,6449,280049,5208901,444438,0,547593,193141,0,0,84274,0,204,0,0,0,8,0,280679,110539,5659201,7,0,0,5712,0,0,0,0,0,145,0,66565873,61401994,0,0,134915,134915,15184,7918,0,0,145,0,0,0,0,0,0,3008012,1502169,0,262144,9954932,296711649,0,145,1026,1063858,2336575695,0,0,0,0,0,5,0,0,0,0,0,0,2348382443,3911,21780,3122404,2065356155,30254,0,336589,150646047,2834239,325,0,2839276,329,0,0,145,2839460,0,2834564,0,0,0,0,0,56,1,199,22664,0,0,0,0,0,0,0,0,1218123,4632,0,0,0,5928898,109925602,2446255,0,0,0,193,5928898,109925602,0,0,53770,4050,30758,26708,26708,0,0,100512,0,0,364,0,0,0,0,0,0,0,59,0,59,0,0,0,0,0,0,0,0,0,0,0,0,0,0,0,0,0,0,0,0,766,46,0
1781124925.002296,2296,ubuntu-rog,1,0,0,9506411,6449,280049,5208901,444438,0,14,0,0,0,0,0,2256800838,0,0,4907,2257960147,0,6449,280049,5208901,444438,0,547593,193141,0,0,84274,0,204,0,0,0,8,0,280685,110539,5659204,14,0,0,5712,0,0,0,0,0,145,0,66565880,61401994,0,0,134915,134915,15184,7918,0,0,145,0,0,0,0,0,0,3008012,1502169,0,262144,9954932,296711649,0,145,1026,1063858,2336575713,0,0,0,0,0,5,0,0,0,0,0,0,2348382460,3911,21780,3122404,2065356156,30254,0,336589,150646047,2834239,325,0,2839276,329,0,0,145,2839460,0,2834564,0,0,0,0,0,56,1,199,22664,0,0,0,0,0,0,0,0,1218123,4632,0,0,0,5928898,109925602,2446255,0,0,0,193,5928898,109925602,0,0,53770,4050,30758,26708,26708,0,0,100512,0,0,364,0,0,0,0,0,0,0,59,0,59,0,0,0,0,0,0,0,0,0,0,0,0,0,0,0,0,0,0,0,0,766,46,0
1781124926.002061,2061,ubuntu-rog,1,0,0,9506411,6449,280049,5208901,444438,0,14,0,0,0,0,0,2256800856,0,0,4907,2257960165,0,6449,280049,5208901,444438,0,547593,193141,0,0,84274,0,204,0,0,0,8,0,280685,110539,5659204,14,0,0,5712,0,0,0,0,0,145,0,66565880,61401994,0,0,134915,134915,15184,7918,0,0,145,0,0,0,0,0,0,3008012,1502169,0,262144,9954932,296711649,0,145,1026,1063858,2336575738,0,0,0,0,0,5,0,0,0,0,0,0,2348382477,3911,21780,3122404,2065356156,30254,0,336589,150646047,2834239,325,0,2839276,329,0,0,145,2839460,0,2834564,0,0,0,0,0,56,1,199,22664,0,0,0,0,0,0,0,0,1218123,4632,0,0,0,5928898,109925602,2446255,0,0,0,193,5928898,109925602,0,0,53770,4050,30758,26708,26708,0,0,100512,0,0,364,0,0,0,0,0,0,0,59,0,59,0,0,0,0,0,0,0,0,0,0,0,0,0,0,0,0,0,0,0,0,766,46,0
1781124927.001987,1987,ubuntu-rog,1,0,0,9506411,6449,280049,5208901,444438,0,15,0,0,0,0,0,2256800875,0,0,4907,2257960184,0,6449,280049,5208901,444438,0,547593,193141,0,0,84274,0,204,0,0,0,8,0,280687,110539,5659205,15,0,0,5712,0,0,0,0,0,145,0,66565881,61401994,0,0,134915,134915,15184,7918,0,0,145,0,0,0,0,0,0,3008012,1502169,0,262144,9954932,296711649,0,145,1026,1063858,2336575757,0,0,0,0,0,5,0,0,0,0,0,0,2348382501,3911,21780,3122404,2065356158,30254,0,336589,150646047,2834239,325,0,2839276,329,0,0,145,2839460,0,2834564,0,0,0,0,0,56,1,199,22664,0,0,0,0,0,0,0,0,1218123,4632,0,0,0,5928898,109925602,2446255,0,0,0,193,5928898,109925602,0,0,53770,4050,30758,26708,26708,0,0,100512,0,0,364,0,0,0,0,0,0,0,59,0,59,0,0,0,0,0,0,0,0,0,0,0,0,0,0,0,0,0,0,0,0,766,46,0
1781124928.001832,1832,ubuntu-rog,1,0,0,9506411,6449,280049,5208901,444438,0,15,0,0,0,0,0,2256800894,0,0,4907,2257960203,0,6449,280049,5208901,444438,0,547593,193141,0,0,84274,0,204,0,0,0,8,0,280688,110539,5659205,15,0,0,5712,0,0,0,0,0,145,0,66565881,61401994,0,0,134915,134915,15184,7918,0,0,145,0,0,0,0,0,0,3008012,1502169,0,262144,9954932,296711649,0,145,1026,1063858,2336575776,0,0,0,0,0,5,0,0,0,0,0,0,2348382519,3911,21780,3122404,2065356159,30254,0,336589,150646047,2834239,325,0,2839276,329,0,0,145,2839460,0,2834564,0,0,0,0,0,56,1,199,22664,0,0,0,0,0,0,0,0,1218123,4632,0,0,0,5928898,109925602,2446255,0,0,0,193,5928898,109925602,0,0,53770,4050,30758,26708,26708,0,0,100512,0,0,364,0,0,0,0,0,0,0,59,0,59,0,0,0,0,0,0,0,0,0,0,0,0,0,0,0,0,0,0,0,0,766,46,0
1781124929.002600,2600,ubuntu-rog,1,0,0,9506411,6449,280049,5208901,444438,0,15,0,0,0,0,0,2256800916,0,0,4907,2257960225,0,6449,280049,5208901,444438,0,547593,193141,0,0,84274,0,204,0,0,0,8,0,280691,110539,5659205,15,0,0,5712,0,0,0,0,0,145,0,66565881,61401994,0,0,134915,134915,15184,7918,0,0,145,0,0,0,0,0,0,3008012,1502169,0,262144,9954932,296711665,0,145,1026,1063858,2336575805,0,0,0,0,0,5,0,0,0,0,0,0,2348382534,3911,21780,3122404,2065356162,30254,0,336589,150646047,2834239,325,0,2839276,329,0,0,145,2839460,0,2834564,0,0,0,0,0,56,1,199,22664,0,0,0,0,0,0,0,0,1218123,4632,0,0,0,5928898,109925602,2446255,0,0,0,193,5928898,109925602,0,0,53770,4050,30758,26708,26708,0,0,100512,0,0,364,0,0,0,0,0,0,0,59,0,59,0,0,0,0,0,0,0,0,0,0,0,0,0,0,0,0,0,0,0,0,766,46,0
1781124930.002075,2075,ubuntu-rog,1,0,0,9506411,6449,280049,5208901,444438,0,17,0,0,0,0,0,2256800933,0,0,4907,2257960242,0,6449,280049,5208901,444438,0,547593,193141,0,0,84274,0,204,0,0,0,8,0,280691,110539,5659208,17,0,0,5712,0,0,0,0,0,145,0,66565883,61401994,0,0,134915,134915,15184,7918,0,0,145,0,0,0,0,0,0,3008012,1502169,0,262144,9954932,296711665,0,145,1026,1063858,2336575822,0,0,0,0,0,5,0,0,0,0,0,0,2348382558,3911,21780,3122404,2065356163,30254,0,336589,150646047,2834239,325,0,2839276,329,0,0,145,2839460,0,2834564,0,0,0,0,0,56,1,199,22664,0,0,0,0,0,0,0,0,1218123,4632,0,0,0,5928898,109925602,2446255,0,0,0,193,5928898,109925602,0,0,53770,4050,30758,26708,26708,0,0,100512,0,0,364,0,0,0,0,0,0,0,59,0,59,0,0,0,0,0,0,0,0,0,0,0,0,0,0,0,0,0,0,0,0,766,46,0
1781124931.001796,1796,ubuntu-rog,1,0,0,9506411,6449,280049,5208901,444438,0,18,0,0,0,0,0,2256800954,0,0,4907,2257960263,0,6449,280049,5208901,444438,0,547593,193141,0,0,84274,0,204,0,0,0,8,0,280695,110539,5659209,18,0,0,5712,0,0,0,0,0,145,0,66565884,61401994,0,0,134915,134915,15184,7918,0,0,145,0,0,0,0,0,0,3008012,1502169,0,262144,9954932,296711665,0,145,1026,1063858,2336575843,0,0,0,0,0,5,0,0,0,0,0,0,2348382575,3911,21780,3122404,2065356166,30254,0,336589,150646047,2834239,325,0,2839276,329,0,0,145,2839460,0,2834564,0,0,0,0,0,56,1,199,22664,0,0,0,0,0,0,0,0,1218123,4632,0,0,0,5928898,109925602,2446255,0,0,0,193,5928898,109925602,0,0,53770,4050,30758,26708,26708,0,0,100512,0,0,364,0,0,0,0,0,0,0,59,0,59,0,0,0,0,0,0,0,0,0,0,0,0,0,0,0,0,0,0,0,0,766,46,0
1781124932.001767,1767,ubuntu-rog,1,0,0,9506411,6449,280049,5208901,444438,0,18,0,0,0,0,0,2256800973,0,0,4907,2257960282,0,6449,280049,5208901,444438,0,547593,193141,0,0,84274,0,204,0,0,0,8,0,280695,110539,5659209,18,0,0,5712,0,0,0,0,0,145,0,66565884,61401994,0,0,134915,134915,15184,7918,0,0,145,0,0,0,0,0,0,3008012,1502169,0,262144,9954932,296711673,0,145,1026,1063858,2336575869,0,0,0,0,0,5,0,0,0,0,0,0,2348382592,3911,21780,3122404,2065356167,30254,0,336589,150646047,2834239,325,0,2839276,329,0,0,145,2839460,0,2834564,0,0,0,0,0,56,1,199,22664,0,0,0,0,0,0,0,0,1218123,4632,0,0,0,5928898,109925602,2446255,0,0,0,193,5928898,109925602,0,0,53770,4050,30758,26708,26708,0,0,100512,0,0,364,0,0,0,0,0,0,0,59,0,59,0,0,0,0,0,0,0,0,0,0,0,0,0,0,0,0,0,0,0,0,766,46,0
1781124933.002595,2595,ubuntu-rog,1,0,0,9506411,6449,280049,5208901,444438,0,18,0,0,0,0,0,2256800990,0,0,4907,2257960299,0,6449,280049,5208901,444438,0,547593,193141,0,0,84274,0,204,0,0,0,8,0,280695,110539,5659209,18,0,0,5712,0,0,0,0,0,145,0,66565884,61401994,0,0,134915,134915,15184,7918,0,0,145,0,0,0,0,0,0,3008012,1502169,0,262144,9954932,296711673,0,145,1026,1063858,2336575886,0,0,0,0,0,5,0,0,0,0,0,0,2348382616,3911,21780,3122404,2065356168,30254,0,336589,150646047,2834239,325,0,2839276,329,0,0,145,2839460,0,2834564,0,0,0,0,0,56,1,199,22664,0,0,0,0,0,0,0,0,1218123,4632,0,0,0,5928898,109925602,2446255,0,0,0,193,5928898,109925602,0,0,53770,4050,30758,26708,26708,0,0,100512,0,0,364,0,0,0,0,0,0,0,59,0,59,0,0,0,0,0,0,0,0,0,0,0,0,0,0,0,0,0,0,0,0,766,46,0
1781124934.002361,2361,ubuntu-rog,1,0,0,9506411,6449,280049,5208901,444438,0,18,0,0,0,0,0,2256801015,0,0,4907,2257960324,0,6449,280049,5208901,444438,0,547593,193141,0,0,84274,0,204,0,0,0,8,0,280695,110539,5659209,18,0,0,5712,0,0,0,0,0,145,0,66565884,61401994,0,0,134915,134915,15184,7918,0,0,145,0,0,0,0,0,0,3008012,1502169,0,262144,9954932,296711689,0,145,1026,1063858,2336575911,0,0,0,0,0,5,0,0,0,0,0,0,2348382631,3911,21780,3122404,2065356176,30254,0,336589,150646048,2834239,325,0,2839276,329,0,0,145,2839460,0,2834564,0,0,0,0,0,56,1,199,22664,0,0,0,0,0,0,0,0,1218123,4632,0,0,0,5928898,109925602,2446255,0,0,0,193,5928898,109925602,0,0,53770,4050,30758,26708,26708,0,0,100512,0,0,364,0,0,0,0,0,0,0,59,0,59,0,0,0,0,0,0,0,0,0,0,0,0,0,0,0,0,0,0,0,0,766,46,0
1781124935.001795,1795,ubuntu-rog,1,0,0,9506411,6449,280083,5208901,444438,0,19,0,0,0,0,0,2256801030,0,0,4907,2257960339,0,6449,280083,5208901,444438,0,547593,193141,0,0,84274,0,204,0,0,0,8,0,280704,110539,5659213,19,0,0,5712,0,0,0,0,0,145,0,66565887,61401996,0,0,134915,134915,15184,7918,0,0,145,0,0,0,0,0,0,3008012,1502169,0,262144,9954932,296711689,0,145,1026,1063858,2336575926,0,0,0,0,0,5,0,0,0,0,0,0,2348382645,3911,21780,3122404,2065356176,30254,0,336589,150646048,2834239,325,0,2839276,329,0,0,145,2839460,0,2834564,0,0,0,0,0,56,1,199,22664,0,0,0,0,0,0,0,0,1218123,4632,0,0,0,5928898,109925602,2446255,0,0,0,193,5928898,109925602,0,0,53770,4050,30758,26708,26708,0,0,100512,0,0,364,0,0,0,0,0,0,0,59,0,59,0,0,0,0,0,0,0,0,0,0,0,0,0,0,0,0,0,0,0,0,766,46,0
1781124936.001559,1559,ubuntu-rog,1,0,0,9506411,6449,280083,5208901,444438,0,21,0,0,0,0,0,2256801047,0,0,4907,2257960356,0,6449,280083,5208901,444438,0,547593,193141,0,0,84274,0,204,0,0,0,8,0,280704,110539,5659214,21,0,0,5712,0,0,0,0,0,145,0,66565889,61401996,0,0,134915,134915,15184,7918,0,0,145,0,0,0,0,0,0,3008012,1502169,0,262144,9954932,296711689,0,145,1026,1063858,2336575943,0,0,0,0,0,5,0,0,0,0,0,0,2348382661,3911,21780,3122404,2065356176,30254,0,336589,150646048,2834239,325,0,2839276,329,0,0,145,2839460,0,2834564,0,0,0,0,0,56,1,199,22664,0,0,0,0,0,0,0,0,1218123,4632,0,0,0,5928898,109925602,2446255,0,0,0,193,5928898,109925602,0,0,53770,4050,30758,26708,26708,0,0,100512,0,0,364,0,0,0,0,0,0,0,59,0,59,0,0,0,0,0,0,0,0,0,0,0,0,0,0,0,0,0,0,0,0,766,46,0
1781124937.002517,2517,ubuntu-rog,1,0,0,9506411,6449,280083,5208901,444438,0,21,0,0,0,0,0,2256801065,0,0,4907,2257960374,0,6449,280083,5208901,444438,0,547593,193141,0,0,84274,0,204,0,0,0,8,0,280704,110539,5659214,21,0,0,5712,0,0,0,0,0,145,0,66565889,61401996,0,0,134915,134915,15184,7918,0,0,145,0,0,0,0,0,0,3008012,1502169,0,262144,9954932,296711689,0,145,1026,1063858,2336575961,0,0,0,0,0,5,0,0,0,0,0,0,2348382678,3911,21780,3122404,2065356176,30254,0,336589,150646048,2834239,325,0,2839276,329,0,0,145,2839460,0,2834564,0,0,0,0,0,56,1,199,22664,0,0,0,0,0,0,0,0,1218123,4632,0,0,0,5928898,109925602,2446255,0,0,0,193,5928898,109925602,0,0,53770,4050,30758,26708,26708,0,0,100512,0,0,364,0,0,0,0,0,0,0,59,0,59,0,0,0,0,0,0,0,0,0,0,0,0,0,0,0,0,0,0,0,0,766,46,0
1781124938.002364,2364,ubuntu-rog,1,0,0,9506411,6449,280083,5208901,444438,0,21,0,0,0,0,0,2256801085,0,0,4907,2257960394,0,6449,280083,5208901,444438,0,547593,193141,0,0,84274,0,204,0,0,0,8,0,280704,110539,5659214,21,0,0,5712,0,0,0,0,0,145,0,66565889,61401996,0,0,134915,134915,15184,7918,0,0,145,0,0,0,0,0,0,3008012,1502169,0,262144,9954932,296711689,0,145,1026,1063858,2336575981,0,0,0,0,0,5,0,0,0,0,0,0,2348382698,3911,21780,3122404,2065356176,30254,0,336589,150646048,2834239,325,0,2839276,329,0,0,145,2839460,0,2834564,0,0,0,0,0,56,1,199,22664,0,0,0,0,0,0,0,0,1218123,4632,0,0,0,5928898,109925602,2446255,0,0,0,193,5928898,109925602,0,0,53770,4050,30758,26708,26708,0,0,100512,0,0,364,0,0,0,0,0,0,0,59,0,59,0,0,0,0,0,0,0,0,0,0,0,0,0,0,0,0,0,0,0,0,766,46,0
1781124939.002135,2135,ubuntu-rog,1,0,0,9506411,6449,280083,5208904,444438,0,23,0,0,0,0,0,2256801104,0,0,4907,2257960413,0,6449,280083,5208904,444438,0,547593,193141,0,0,84274,0,204,0,0,0,8,0,280704,110539,5659217,23,0,0,5712,0,0,0,0,0,145,0,66565891,61401996,0,0,134915,134915,15184,7918,0,0,145,0,0,0,0,0,0,3008013,1502170,0,262144,9954932,296711709,0,145,1026,1063858,2336576000,0,0,0,0,0,5,0,0,0,0,0,0,2348382715,3911,21780,3122404,2065356176,30254,0,336589,150646048,2834239,325,0,2839276,329,0,0,145,2839460,0,2834564,0,0,0,0,0,56,1,199,22664,0,0,0,0,0,0,0,0,1218123,4632,0,0,0,5928898,109925602,2446255,0,0,0,193,5928898,109925602,0,0,53770,4050,30758,26708,26708,0,0,100512,0,0,364,0,0,0,0,0,0,0,59,0,59,0,0,0,0,0,0,0,0,0,0,0,0,0,0,0,0,0,0,0,0,766,46,0
1781124940.001571,1571,ubuntu-rog,1,0,0,9506411,6449,280083,5208904,444438,0,24,0,0,0,0,0,2256801120,0,0,4907,2257960429,0,6449,280083,5208904,444438,0,547593,193141,0,0,84274,0,204,0,0,0,8,0,280704,110539,5659218,24,0,0,5712,0,0,0,0,0,145,0,66565892,61401996,0,0,134915,134915,15184,7918,0,0,145,0,0,0,0,0,0,3008013,1502170,0,262144,9954932,296711709,0,145,1026,1063858,2336576016,0,0,0,0,0,5,0,0,0,0,0,0,2348382762,3911,21780,3122404,2065356176,30254,0,336589,150646048,2834239,325,0,2839276,329,0,0,145,2839460,0,2834564,0,0,0,0,0,56,1,199,22664,0,0,0,0,0,0,0,0,1218123,4632,0,0,0,5928898,109925602,2446255,0,0,0,193,5928898,109925602,0,0,53770,4050,30758,26708,26708,0,0,100512,0,0,364,0,0,0,0,0,0,0,59,0,59,0,0,0,0,0,0,0,0,0,0,0,0,0,0,0,0,0,0,0,0,766,46,0
1781124941.002338,2338,ubuntu-rog,1,0,0,9506411,6449,280083,5208904,444438,0,25,0,0,0,0,0,2256801136,0,0,4907,2257960445,0,6449,280083,5208904,444438,0,547593,193117,0,0,84274,0,204,0,0,0,8,0,280704,110539,5659219,25,0,0,5712,0,0,0,0,0,145,0,66565893,61401996,0,0,134915,134915,15152,7918,0,0,145,0,0,0,0,0,0,3008013,1502170,0,262144,9954932,296711709,0,145,1026,1063858,2336576032,0,0,0,0,0,5,0,0,0,0,0,0,2348382777,3911,21780,3122404,2065356176,30254,0,336589,150646048,2834239,325,0,2839276,329,0,0,145,2839460,0,2834564,0,0,0,0,0,56,1,199,22664,0,0,0,0,0,0,0,0,1218123,4632,0,0,0,5928898,109925602,2446255,0,0,0,193,5928898,109925602,0,0,53770,4050,30758,26708,26708,0,0,100512,0,0,364,0,0,0,0,0,0,0,59,0,59,0,0,0,0,0,0,0,0,0,0,0,0,0,0,0,0,0,0,0,0,766,46,0
1781124942.002287,2287,ubuntu-rog,1,0,0,9506411,6449,280083,5208904,444438,0,25,0,0,0,0,0,2256801153,0,0,4907,2257960462,0,6449,280083,5208904,444438,0,547593,193117,0,0,84274,0,204,0,0,0,8,0,280704,110539,5659219,25,0,0,5712,0,0,0,0,0,145,0,66565893,61401996,0,0,134915,134915,15152,7918,0,0,145,0,0,0,0,0,0,3008013,1502170,0,262144,9954932,296711709,0,145,1026,1063858,2336576049,0,0,0,0,0,5,0,0,0,0,0,0,2348382794,3911,21780,3122404,2065356176,30254,0,336589,150646048,2834239,325,0,2839276,329,0,0,145,2839460,0,2834564,0,0,0,0,0,56,1,199,22664,0,0,0,0,0,0,0,0,1218123,4632,0,0,0,5928898,109925602,2446255,0,0,0,193,5928898,109925602,0,0,53770,4050,30758,26708,26708,0,0,100512,0,0,364,0,0,0,0,0,0,0,59,0,59,0,0,0,0,0,0,0,0,0,0,0,0,0,0,0,0,0,0,0,0,766,46,0
1781124943.002129,2129,ubuntu-rog,1,0,0,9506411,6449,280083,5208904,444438,0,25,0,0,0,0,0,2256801171,0,0,4907,2257960480,0,6449,280083,5208904,444438,0,547593,193117,0,0,84274,0,204,0,0,0,8,0,280704,110539,5659219,25,0,0,5712,0,0,0,0,0,145,0,66565893,61401996,0,0,134915,134915,15152,7918,0,0,145,0,0,0,0,0,0,3008013,1502170,0,262144,9954932,296711709,0,145,1026,1063858,2336576067,0,0,0,0,0,5,0,0,0,0,0,0,2348382812,3911,21780,3122404,2065356176,30254,0,336589,150646048,2834239,325,0,2839276,329,0,0,145,2839460,0,2834564,0,0,0,0,0,56,1,199,22664,0,0,0,0,0,0,0,0,1218123,4632,0,0,0,5928898,109925602,2446255,0,0,0,193,5928898,109925602,0,0,53770,4050,30758,26708,26708,0,0,100512,0,0,364,0,0,0,0,0,0,0,59,0,59,0,0,0,0,0,0,0,0,0,0,0,0,0,0,0,0,0,0,0,0,766,46,0
1781124944.001863,1863,ubuntu-rog,1,0,0,9506411,6449,280083,5208904,444438,0,25,0,0,0,0,0,2256801190,0,0,4907,2257960499,0,6449,280083,5208904,444438,0,547593,193117,0,0,84274,0,204,0,0,0,8,0,280704,110539,5659219,25,0,0,5712,0,0,0,0,0,145,0,66565893,61401996,0,0,134915,134915,15152,7918,0,0,145,0,0,0,0,0,0,3008013,1502170,0,262144,9954932,296711729,0,145,1026,1063858,2336576086,0,0,0,0,0,5,0,0,0,0,0,0,2348382829,3911,21780,3122404,2065356178,30254,0,336589,150646050,2834239,325,0,2839276,329,0,0,145,2839460,0,2834564,0,0,0,0,0,56,1,199,22664,0,0,0,0,0,0,0,0,1218123,4632,0,0,0,5928898,109925602,2446255,0,0,0,193,5928898,109925602,0,0,53770,4050,30758,26708,26708,0,0,100512,0,0,364,0,0,0,0,0,0,0,59,0,59,0,0,0,0,0,0,0,0,0,0,0,0,0,0,0,0,0,0,0,0,766,46,0
1781124945.002336,2336,ubuntu-rog,1,0,0,9506411,6449,280083,5208904,444438,0,25,0,0,0,0,0,2256801207,0,0,4907,2257960516,0,6449,280083,5208904,444438,0,547593,193117,0,0,84274,0,204,0,0,0,8,0,280704,110539,5659219,25,0,0,5712,0,0,0,0,0,145,0,66565893,61401996,0,0,134915,134915,15152,7918,0,0,145,0,0,0,0,0,0,3008013,1502170,0,262144,9954932,296711753,0,145,1026,1063858,2336576103,0,0,0,0,0,5,0,0,0,0,0,0,2348382845,3911,21780,3122404,2065356178,30254,0,336589,150646050,2834239,325,0,2839276,329,0,0,145,2839460,0,2834564,0,0,0,0,0,56,1,199,22664,0,0,0,0,0,0,0,0,1218123,4632,0,0,0,5928898,109925602,2446255,0,0,0,193,5928898,109925602,0,0,53770,4050,30758,26708,26708,0,0,100512,0,0,364,0,0,0,0,0,0,0,59,0,59,0,0,0,0,0,0,0,0,0,0,0,0,0,0,0,0,0,0,0,0,766,46,0
1781124946.002094,2094,ubuntu-rog,1,0,0,9506411,6449,280083,5208905,444438,0,21,0,0,0,0,0,2256801225,0,0,4907,2257960534,0,6449,280083,5208905,444438,0,547593,193117,0,0,84274,0,204,0,0,0,8,0,280704,110539,5659223,21,0,0,5712,0,0,0,0,0,145,0,66565897,61402004,0,0,134915,134915,15152,7918,0,0,145,0,0,0,0,0,0,3008013,1502170,0,262144,9954932,296711753,0,145,1026,1063858,2336576121,0,0,0,0,0,5,0,0,0,0,0,0,2348382862,3911,21780,3122404,2065356178,30254,0,336589,150646050,2834239,325,0,2839276,329,0,0,145,2839460,0,2834564,0,0,0,0,0,56,1,199,22664,0,0,0,0,0,0,0,0,1218123,4632,0,0,0,5928898,109925602,2446255,0,0,0,193,5928898,109925602,0,0,53770,4050,30758,26708,26708,0,0,100512,0,0,364,0,0,0,0,0,0,0,59,0,59,0,0,0,0,0,0,0,0,0,0,0,0,0,0,0,0,0,0,0,0,766,46,0
1781124947.002059,2059,ubuntu-rog,1,0,0,9506411,6449,280083,5208905,444438,0,21,0,0,0,0,0,2256801241,0,0,4907,2257960550,0,6449,280083,5208905,444438,0,547593,193117,0,0,84274,0,204,0,0,0,8,0,280704,110539,5659223,21,0,0,5712,0,0,0,0,0,145,0,66565897,61402004,0,0,134915,134915,15152,7918,0,0,145,0,0,0,0,0,0,3008013,1502170,0,262144,9954932,296711753,0,145,1026,1063858,2336576137,0,0,0,0,0,5,0,0,0,0,0,0,2348382878,3911,21780,3122404,2065356178,30254,0,336589,150646050,2834239,325,0,2839276,329,0,0,145,2839460,0,2834564,0,0,0,0,0,56,1,199,22664,0,0,0,0,0,0,0,0,1218123,4632,0,0,0,5928898,109925602,2446255,0,0,0,193,5928898,109925602,0,0,53770,4050,30758,26708,26708,0,0,100512,0,0,364,0,0,0,0,0,0,0,59,0,59,0,0,0,0,0,0,0,0,0,0,0,0,0,0,0,0,0,0,0,0,766,46,0
1781124948.001867,1867,ubuntu-rog,1,0,0,9506411,6449,280083,5208905,444438,0,21,0,0,0,0,0,2256801266,0,0,4907,2257960575,0,6449,280083,5208905,444438,0,547593,193117,0,0,84274,0,204,0,0,0,8,0,280704,110539,5659223,21,0,0,5712,0,0,0,0,0,145,0,66565897,61402004,0,0,134915,134915,15152,7918,0,0,145,0,0,0,0,0,0,3008013,1502170,0,262144,9954932,296711753,0,145,1026,1063858,2336576162,0,0,0,0,0,5,0,0,0,0,0,0,2348382902,3911,21780,3122404,2065356178,30254,0,336589,150646050,2834239,325,0,2839276,329,0,0,145,2839460,0,2834564,0,0,0,0,0,56,1,199,22664,0,0,0,0,0,0,0,0,1218123,4632,0,0,0,5928898,109925602,2446255,0,0,0,193,5928898,109925602,0,0,53770,4050,30758,26708,26708,0,0,100512,0,0,364,0,0,0,0,0,0,0,59,0,59,0,0,0,0,0,0,0,0,0,0,0,0,0,0,0,0,0,0,0,0,766,46,0
1781124949.002617,2617,ubuntu-rog,1,0,0,9506411,6449,280083,5208905,444438,0,22,0,0,0,0,0,2256801287,0,0,4907,2257960596,0,6449,280083,5208905,444438,0,547593,193117,0,0,84274,0,204,0,0,0,8,0,280704,110539,5659224,22,0,0,5712,0,0,0,0,0,145,0,66565898,61402004,0,0,134915,134915,15152,7918,0,0,145,0,0,0,0,0,0,3008013,1502170,0,262144,9954932,296711769,0,145,1026,1063858,2336576183,0,0,0,0,0,5,0,0,0,0,0,0,2348382921,3911,21780,3122404,2065356178,30254,0,336589,150646050,2834239,325,0,2839276,329,0,0,145,2839460,0,2834564,0,0,0,0,0,56,1,199,22664,0,0,0,0,0,0,0,0,1218123,4632,0,0,0,5928898,109925602,2446255,0,0,0,193,5928898,109925602,0,0,53770,4050,30758,26708,26708,0,0,100512,0,0,364,0,0,0,0,0,0,0,59,0,59,0,0,0,0,0,0,0,0,0,0,0,0,0,0,0,0,0,0,0,0,766,46,0
1781124950.002088,2088,ubuntu-rog,1,0,0,9506411,6449,280083,5208907,444438,0,23,0,0,0,0,0,2256801304,0,0,4907,2257960613,0,6449,280083,5208907,444438,0,547593,193117,0,0,84274,0,204,0,0,0,8,0,280704,110539,5659226,23,0,0,5712,0,0,0,0,0,145,0,66565899,61402004,0,0,134915,134915,15152,7918,0,0,145,0,0,0,0,0,0,3008013,1502170,0,262144,9954932,296711809,0,145,1026,1063858,2336576200,0,0,0,0,0,5,0,0,0,0,0,0,2348382937,3911,21780,3122404,2065356257,30254,0,336589,150646125,2834239,325,0,2839276,329,0,0,145,2839460,0,2834564,0,0,0,0,0,56,1,199,22664,0,0,0,0,0,0,0,0,1218123,4632,0,0,0,5928898,109925602,2446255,0,0,0,193,5928898,109925602,0,0,53770,4050,30758,26708,26708,0,0,100512,0,0,364,0,0,0,0,0,0,0,59,0,59,0,0,0,0,0,0,0,0,0,0,0,0,0,0,0,0,0,0,0,0,766,46,0
1781124951.001821,1821,ubuntu-rog,1,0,0,9506411,6449,280083,5208907,444438,0,16,0,0,0,0,0,2256801327,0,0,4907,2257960636,0,6449,280083,5208907,444438,0,547593,193117,0,0,84274,0,204,0,0,0,8,0,280705,110539,5659228,16,0,0,5712,0,0,0,0,0,145,0,66565902,61402014,0,0,134915,134915,15152,7918,0,0,145,0,0,0,0,0,0,3008013,1502170,0,262144,9954932,296711813,0,145,1026,1063858,2336576224,0,0,0,0,0,5,0,0,0,0,0,0,2348382957,3911,21780,3122404,2065356258,30254,0,336589,150646125,2834239,325,0,2839276,329,0,0,145,2839460,0,2834564,0,0,0,0,0,56,1,199,22664,0,0,0,0,0,0,0,0,1218123,4632,0,0,0,5928898,109925602,2446255,0,0,0,193,5928898,109925602,0,0,53770,4050,30758,26708,26708,0,0,100512,0,0,364,0,0,0,0,0,0,0,59,0,59,0,0,0,0,0,0,0,0,0,0,0,0,0,0,0,0,0,0,0,0,766,46,0
1781124952.001780,1780,ubuntu-rog,1,0,0,9506411,6449,280083,5208907,444438,0,6,0,0,0,0,0,2256801362,0,0,4907,2257960671,0,6449,280083,5208907,444438,0,547593,193117,0,0,84274,0,204,0,0,0,8,0,280705,110539,5659228,16,0,0,5712,0,0,0,0,0,145,0,66565902,61402024,0,0,134915,134915,15152,7918,0,0,145,0,0,0,0,0,0,3008013,1502170,0,262144,9954932,296712225,0,145,1026,1063858,2336576258,0,0,0,0,0,5,0,0,0,0,0,0,2348382983,3911,21780,3122404,2065356258,30254,0,336589,150646125,2834239,325,0,2839276,329,0,0,145,2839460,0,2834564,0,0,0,0,0,56,1,199,22664,0,0,0,0,0,0,0,0,1218123,4632,0,0,0,5928898,109925602,2446255,0,0,0,193,5928898,109925602,0,0,53770,4050,30758,26708,26708,0,0,100512,0,0,364,0,0,0,0,0,0,0,59,0,59,0,0,0,0,0,0,0,0,0,0,0,0,0,0,0,0,0,0,0,0,766,46,0
1781124953.002610,2610,ubuntu-rog,1,0,0,9506411,6449,280083,5208907,444438,0,6,0,0,0,0,0,2256801380,0,0,4907,2257960689,0,6449,280083,5208907,444438,0,547593,193117,0,0,84274,0,204,0,0,0,8,0,280705,110539,5659228,16,0,0,5712,0,0,0,0,0,145,0,66565902,61402024,0,0,134915,134915,15152,7918,0,0,145,0,0,0,0,0,0,3008013,1502170,0,262144,9954932,296712225,0,145,1026,1063858,2336576276,0,0,0,0,0,5,0,0,0,0,0,0,2348383000,3911,21780,3122404,2065356259,30254,0,336589,150646125,2834239,325,0,2839276,329,0,0,145,2839460,0,2834564,0,0,0,0,0,56,1,199,22664,0,0,0,0,0,0,0,0,1218123,4632,0,0,0,5928898,109925602,2446255,0,0,0,193,5928898,109925602,0,0,53770,4050,30758,26708,26708,0,0,100512,0,0,364,0,0,0,0,0,0,0,59,0,59,0,0,0,0,0,0,0,0,0,0,0,0,0,0,0,0,0,0,0,0,766,46,0
1781124954.002387,2387,ubuntu-rog,1,0,0,9506411,6449,280087,5208907,444438,0,40,0,0,0,0,0,2256801398,0,0,4907,2257960707,0,6449,280087,5208907,444438,0,547593,193117,0,0,84274,0,204,0,0,0,8,0,280706,110539,5659239,40,0,0,5712,0,0,0,0,0,145,0,66565936,61402024,0,0,134915,134915,15152,7918,0,0,145,0,0,0,0,0,0,3008013,1502170,0,262144,9954932,296712225,0,145,1026,1063858,2336576294,0,0,0,0,0,5,0,0,0,0,0,0,2348383017,3911,21780,3122404,2065356259,30254,0,336589,150646125,2834239,325,0,2839276,329,0,0,145,2839460,0,2834564,0,0,0,0,0,56,1,199,22664,0,0,0,0,0,0,0,0,1218123,4632,0,0,0,5928898,109925602,2446255,0,0,0,193,5928898,109925602,0,0,53770,4050,30758,26708,26708,0,0,100512,0,0,364,0,0,0,0,0,0,0,59,0,59,0,0,0,0,0,0,0,0,0,0,0,0,0,0,0,0,0,0,0,0,766,46,0
1781124955.001824,1824,ubuntu-rog,1,0,0,9506411,6449,280084,5208907,444438,0,40,0,0,0,0,0,2256801415,0,0,4907,2257960724,0,6449,280084,5208907,444438,0,547593,193117,0,0,84274,0,204,0,0,0,8,0,280703,110539,5659239,40,0,0,5712,0,0,0,0,0,145,0,66565936,61402024,0,0,134915,134915,15152,7918,0,0,145,0,0,0,0,0,0,3008013,1502170,0,262144,9954932,296712269,0,145,1026,1063858,2336576311,0,0,0,0,0,5,0,0,0,0,0,0,2348383037,3911,21780,3122404,2065356259,30254,0,336589,150646125,2834239,325,0,2839276,329,0,0,145,2839460,0,2834564,0,0,0,0,0,56,1,199,22664,0,0,0,0,0,0,0,0,1218123,4632,0,0,0,5928898,109925602,2446255,0,0,0,193,5928898,109925602,0,0,53770,4050,30758,26708,26708,0,0,100512,0,0,364,0,0,0,0,0,0,0,59,0,59,0,0,0,0,0,0,0,0,0,0,0,0,0,0,0,0,0,0,0,0,766,46,0
1781124956.001585,1585,ubuntu-rog,1,0,0,9506411,6449,280084,5208920,444438,0,29,0,0,0,0,0,2256801435,0,0,4907,2257960744,0,6449,280084,5208920,444438,0,547593,193117,0,0,84274,0,204,0,0,0,8,0,280703,110539,5659239,29,0,0,5712,0,0,0,0,0,145,0,66565936,61402035,0,0,134915,134915,15152,7918,0,0,145,0,0,0,0,0,0,3008016,1502171,0,262144,9954932,296712269,0,145,1026,1063858,2336576331,0,0,0,0,0,5,0,0,0,0,0,0,2348383055,3911,21780,3122404,2065356263,30254,0,336589,150646128,2834239,325,0,2839276,329,0,0,145,2839460,0,2834564,0,0,0,0,0,56,1,199,22664,0,0,0,0,0,0,0,0,1218123,4632,0,0,0,5928898,109925602,2446255,0,0,0,193,5928898,109925602,0,0,53770,4050,30758,26708,26708,0,0,100512,0,0,364,0,0,0,0,0,0,0,59,0,59,0,0,0,0,0,0,0,0,0,0,0,0,0,0,0,0,0,0,0,0,766,46,0
1781124957.002531,2531,ubuntu-rog,1,0,0,9506411,6449,280084,5208920,444438,0,29,0,0,0,0,0,2256801455,0,0,4907,2257960764,0,6449,280084,5208920,444438,0,547593,193117,0,0,84274,0,204,0,0,0,8,0,280703,110539,5659239,29,0,0,5712,0,0,0,0,0,145,0,66565936,61402035,0,0,134915,134915,15152,7918,0,0,145,0,0,0,0,0,0,3008016,1502171,0,262144,9954932,296712341,0,145,1026,1063858,2336576351,0,0,0,0,0,5,0,0,0,0,0,0,2348383072,3911,21780,3122404,2065356266,30254,0,336589,150646128,2834239,325,0,2839276,329,0,0,145,2839460,0,2834564,0,0,0,0,0,56,1,199,22664,0,0,0,0,0,0,0,0,1218123,4632,0,0,0,5928898,109925602,2446255,0,0,0,193,5928898,109925602,0,0,53770,4050,30758,26708,26708,0,0,100512,0,0,364,0,0,0,0,0,0,0,59,0,59,0,0,0,0,0,0,0,0,0,0,0,0,0,0,0,0,0,0,0,0,766,46,0
1781124958.002384,2384,ubuntu-rog,1,0,0,9506411,6449,280084,5208920,444438,0,29,0,0,0,0,0,2256801473,0,0,4907,2257960782,0,6449,280084,5208920,444438,0,547593,193117,0,0,84274,0,204,0,0,0,8,0,280703,110539,5659239,29,0,0,5712,0,0,0,0,0,145,0,66565936,61402035,0,0,134915,134915,15152,7918,0,0,145,0,0,0,0,0,0,3008016,1502171,0,262144,9954932,296712341,0,145,1026,1063858,2336576369,0,0,0,0,0,5,0,0,0,0,0,0,2348383089,3911,21780,3122404,2065356266,30254,0,336589,150646128,2834239,325,0,2839276,329,0,0,145,2839460,0,2834564,0,0,0,0,0,56,1,199,22664,0,0,0,0,0,0,0,0,1218123,4632,0,0,0,5928898,109925602,2446255,0,0,0,193,5928898,109925602,0,0,53770,4050,30758,26708,26708,0,0,100512,0,0,364,0,0,0,0,0,0,0,59,0,59,0,0,0,0,0,0,0,0,0,0,0,0,0,0,0,0,0,0,0,0,766,46,0
1781124959.002149,2149,ubuntu-rog,1,0,0,9506411,6449,280086,5208952,444438,0,35,0,0,0,0,0,2256801490,0,0,4907,2257960799,0,6449,280086,5208952,444438,0,547593,193117,0,0,84274,0,204,0,0,0,8,0,280706,110539,5659243,35,0,0,5712,0,0,0,0,0,145,0,66565942,61402035,0,0,134915,134915,15152,7918,0,0,145,0,0,0,0,0,0,3008022,1502175,0,262144,9954932,296712341,0,145,1026,1063858,2336576386,0,0,0,0,0,5,0,0,0,0,0,0,2348383105,3911,21780,3122404,2065356266,30254,0,336589,150646128,2834239,325,0,2839276,329,0,0,145,2839460,0,2834564,0,0,0,0,0,56,1,199,22664,0,0,0,0,0,0,0,0,1218123,4632,0,0,0,5928898,109925602,2446255,0,0,0,193,5928898,109925602,0,0,53770,4050,30758,26708,26708,0,0,100512,0,0,364,0,0,0,0,0,0,0,59,0,59,0,0,0,0,0,0,0,0,0,0,0,0,0,0,0,0,0,0,0,0,766,46,0
1781124960.001585,1585,ubuntu-rog,1,0,0,9506411,6449,280086,5208952,444438,0,35,0,0,0,0,0,2256801506,0,0,4907,2257960815,0,6449,280086,5208952,444438,0,547593,193117,0,0,84274,0,204,0,0,0,8,0,280706,110539,5659243,35,0,0,5712,0,0,0,0,0,145,0,66565942,61402035,0,0,134915,134915,15152,7918,0,0,145,0,0,0,0,0,0,3008022,1502175,0,262144,9954932,296712341,0,145,1026,1063858,2336576402,0,0,0,0,0,5,0,0,0,0,0,0,2348383122,3911,21780,3122404,2065356266,30254,0,336589,150646128,2834239,325,0,2839276,329,0,0,145,2839460,0,2834564,0,0,0,0,0,56,1,199,22664,0,0,0,0,0,0,0,0,1218123,4632,0,0,0,5928898,109925602,2446255,0,0,0,193,5928898,109925602,0,0,53770,4050,30758,26708,26708,0,0,100512,0,0,364,0,0,0,0,0,0,0,59,0,59,0,0,0,0,0,0,0,0,0,0,0,0,0,0,0,0,0,0,0,0,766,46,0
1781124961.002340,2340,ubuntu-rog,1,0,0,9506411,6449,280086,5208952,444438,0,35,0,0,0,0,0,2256801526,0,0,4907,2257960835,0,6449,280086,5208952,444438,0,547593,193117,0,0,84274,0,204,0,0,0,8,0,280706,110539,5659243,35,0,0,5712,0,0,0,0,0,145,0,66565942,61402035,0,0,134915,134915,15152,7918,0,0,145,0,0,0,0,0,0,3008022,1502175,0,262144,9954932,296712341,0,145,1026,1063858,2336576422,0,0,0,0,0,5,0,0,0,0,0,0,2348383139,3911,21780,3122404,2065356266,30254,0,336589,150646128,2834239,325,0,2839276,329,0,0,145,2839460,0,2834564,0,0,0,0,0,56,1,199,22664,0,0,0,0,0,0,0,0,1218123,4632,0,0,0,5928898,109925602,2446255,0,0,0,193,5928898,109925602,0,0,53770,4050,30758,26708,26708,0,0,100512,0,0,364,0,0,0,0,0,0,0,59,0,59,0,0,0,0,0,0,0,0,0,0,0,0,0,0,0,0,0,0,0,0,766,46,0
1781124962.002305,2305,ubuntu-rog,1,0,0,9506411,6449,280086,5208952,444438,0,35,0,0,0,0,0,2256801545,0,0,4907,2257960854,0,6449,280086,5208952,444438,0,547593,193117,0,0,84274,0,204,0,0,0,8,0,280706,110539,5659243,35,0,0,5712,0,0,0,0,0,145,0,66565942,61402035,0,0,134915,134915,15152,7918,0,0,145,0,0,0,0,0,0,3008022,1502175,0,262144,9954932,296712357,0,145,1026,1063858,2336576441,0,0,0,0,0,5,0,0,0,0,0,0,2348383156,3911,21780,3122404,2065356268,30254,0,336589,150646130,2834239,325,0,2839276,329,0,0,145,2839460,0,2834564,0,0,0,0,0,56,1,199,22664,0,0,0,0,0,0,0,0,1218123,4632,0,0,0,5928898,109925602,2446255,0,0,0,193,5928898,109925602,0,0,53770,4050,30758,26708,26708,0,0,100512,0,0,364,0,0,0,0,0,0,0,59,0,59,0,0,0,0,0,0,0,0,0,0,0,0,0,0,0,0,0,0,0,0,766,46,0
1781124963.002139,2139,ubuntu-rog,1,0,0,9506411,6449,280086,5208954,444438,0,37,0,0,0,0,0,2256801563,0,0,4907,2257960872,0,6449,280086,5208954,444438,0,547593,193117,0,0,84274,0,204,0,0,0,8,0,280706,110539,5659247,37,0,0,5712,0,0,0,0,0,145,0,66565944,61402035,0,0,134915,134915,15152,7918,0,0,145,0,0,0,0,0,0,3008023,1502175,0,262144,9954932,296712357,0,145,1026,1063858,2336576459,0,0,0,0,0,5,0,0,0,0,0,0,2348383174,3911,21780,3122404,2065356268,30254,0,336589,150646130,2834239,325,0,2839276,329,0,0,145,2839460,0,2834564,0,0,0,0,0,56,1,199,22664,0,0,0,0,0,0,0,0,1218123,4632,0,0,0,5928898,109925602,2446255,0,0,0,193,5928898,109925602,0,0,53770,4050,30758,26708,26708,0,0,100512,0,0,364,0,0,0,0,0,0,0,59,0,59,0,0,0,0,0,0,0,0,0,0,0,0,0,0,0,0,0,0,0,0,766,46,0
1781124964.001869,1869,ubuntu-rog,1,0,0,9506411,6449,280086,5208954,444438,0,37,0,0,0,0,0,2256801578,0,0,4907,2257960887,0,6449,280086,5208954,444438,0,547593,193117,0,0,84274,0,204,0,0,0,8,0,280706,110539,5659247,37,0,0,5712,0,0,0,0,0,145,0,66565944,61402035,0,0,134915,134915,15152,7918,0,0,145,0,0,0,0,0,0,3008023,1502175,0,262144,9954932,296712357,0,145,1026,1063858,2336576474,0,0,0,0,0,5,0,0,0,0,0,0,2348383189,3911,21780,3122404,2065356268,30254,0,336589,150646130,2834239,325,0,2839276,329,0,0,145,2839460,0,2834564,0,0,0,0,0,56,1,199,22664,0,0,0,0,0,0,0,0,1218123,4632,0,0,0,5928898,109925602,2446255,0,0,0,193,5928898,109925602,0,0,53770,4050,30758,26708,26708,0,0,100512,0,0,364,0,0,0,0,0,0,0,59,0,59,0,0,0,0,0,0,0,0,0,0,0,0,0,0,0,0,0,0,0,0,766,46,0
1781124965.002333,2333,ubuntu-rog,1,0,0,9506411,6449,280086,5208954,444438,0,37,0,0,0,0,0,2256801666,0,0,4907,2257960975,0,6449,280086,5208954,444438,0,547593,193117,0,0,84274,0,204,0,0,0,8,0,280706,110539,5659247,37,0,0,5712,0,0,0,0,0,145,0,66565944,61402035,0,0,134915,134915,15152,7918,0,0,145,0,0,0,0,0,0,3008023,1502175,0,262144,9954932,296712357,0,145,1026,1063858,2336576562,0,0,0,0,0,5,0,0,0,0,0,0,2348383204,3911,21780,3122404,2065356340,30254,0,336589,150646130,2834239,325,0,2839276,329,0,0,145,2839460,0,2834564,0,0,0,0,0,56,1,199,22664,0,0,0,0,0,0,0,0,1218123,4632,0,0,0,5928898,109925602,2446255,0,0,0,193,5928898,109925602,0,0,53770,4050,30758,26708,26708,0,0,100512,0,0,364,0,0,0,0,0,0,0,59,0,59,0,0,0,0,0,0,0,0,0,0,0,0,0,0,0,0,0,0,0,0,766,46,0
1781124966.002093,2093,ubuntu-rog,1,0,0,9506411,6449,280086,5208954,444438,0,37,0,0,0,0,0,2256801684,0,0,4907,2257960993,0,6449,280086,5208954,444438,0,547593,193117,0,0,84274,0,204,0,0,0,8,0,280706,110539,5659247,37,0,0,5712,0,0,0,0,0,145,0,66565944,61402035,0,0,134915,134915,15152,7918,0,0,145,0,0,0,0,0,0,3008023,1502175,0,262144,9954932,296712357,0,145,1026,1063858,2336576580,0,0,0,0,0,5,0,0,0,0,0,0,2348383222,3911,21780,3122404,2065356340,30254,0,336589,150646130,2834239,325,0,2839276,329,0,0,145,2839460,0,2834564,0,0,0,0,0,56,1,199,22664,0,0,0,0,0,0,0,0,1218123,4632,0,0,0,5928898,109925602,2446255,0,0,0,193,5928898,109925602,0,0,53770,4050,30758,26708,26708,0,0,100512,0,0,364,0,0,0,0,0,0,0,59,0,59,0,0,0,0,0,0,0,0,0,0,0,0,0,0,0,0,0,0,0,0,766,46,0
1781124967.002057,2057,ubuntu-rog,1,0,0,9506411,6449,280158,5208954,444438,0,40,0,0,0,0,0,2256801705,0,0,4907,2257961014,0,6449,280158,5208954,444438,0,547593,193117,0,0,84274,0,204,0,0,0,8,0,280779,110539,5659251,40,0,0,5712,0,0,0,0,0,145,0,66565947,61402035,0,0,134915,134915,15152,7918,0,0,145,0,0,0,0,0,0,3008023,1502175,0,262144,9954932,296712377,0,145,1026,1063858,2336576601,0,0,0,0,0,5,0,0,0,0,0,0,2348383239,3911,21780,3122404,2065356341,30254,0,336589,150646130,2834239,325,0,2839276,329,0,0,145,2839460,0,2834564,0,0,0,0,0,56,1,199,22664,0,0,0,0,0,0,0,0,1218123,4632,0,0,0,5928898,109925602,2446255,0,0,0,193,5928898,109925602,0,0,53770,4050,30758,26708,26708,0,0,100512,0,0,364,0,0,0,0,0,0,0,59,0,59,0,0,0,0,0,0,0,0,0,0,0,0,0,0,0,0,0,0,0,0,766,46,0
1781124968.001868,1868,ubuntu-rog,1,0,0,9506411,6449,280158,5208954,444438,0,41,0,0,0,0,0,2256801724,0,0,4907,2257961033,0,6449,280158,5208954,444438,0,547593,193117,0,0,84274,0,204,0,0,0,8,0,280779,110539,5659252,41,0,0,5712,0,0,0,0,0,145,0,66565948,61402035,0,0,134915,134915,15152,7918,0,0,145,0,0,0,0,0,0,3008023,1502175,0,262144,9954932,296712377,0,145,1026,1063858,2336576620,0,0,0,0,0,5,0,0,0,0,0,0,2348383257,3911,21780,3122404,2065356341,30254,0,336589,150646130,2834239,325,0,2839276,329,0,0,145,2839460,0,2834564,0,0,0,0,0,56,1,199,22664,0,0,0,0,0,0,0,0,1218123,4632,0,0,0,5928898,109925602,2446255,0,0,0,193,5928898,109925602,0,0,53770,4050,30758,26708,26708,0,0,100512,0,0,364,0,0,0,0,0,0,0,59,0,59,0,0,0,0,0,0,0,0,0,0,0,0,0,0,0,0,0,0,0,0,766,46,0
1781124969.002645,2645,ubuntu-rog,1,0,0,9506411,6449,280158,5208954,444438,0,41,0,0,0,0,0,2256801743,0,0,4907,2257961052,0,6449,280158,5208954,444438,0,547593,193117,0,0,84274,0,204,0,0,0,8,0,280779,110539,5659252,41,0,0,5712,0,0,0,0,0,145,0,66565948,61402035,0,0,134915,134915,15152,7918,0,0,145,0,0,0,0,0,0,3008023,1502175,0,262144,9954932,296712377,0,145,1026,1063858,2336576639,0,0,0,0,0,5,0,0,0,0,0,0,2348383276,3911,21780,3122404,2065356341,30254,0,336589,150646130,2834239,325,0,2839276,329,0,0,145,2839460,0,2834564,0,0,0,0,0,56,1,199,22664,0,0,0,0,0,0,0,0,1218123,4632,0,0,0,5928898,109925602,2446255,0,0,0,193,5928898,109925602,0,0,53770,4050,30758,26708,26708,0,0,100512,0,0,364,0,0,0,0,0,0,0,59,0,59,0,0,0,0,0,0,0,0,0,0,0,0,0,0,0,0,0,0,0,0,766,46,0
1781124970.002118,2118,ubuntu-rog,1,0,0,9506411,6449,280158,5208954,444438,0,41,0,0,0,0,0,2256801760,0,0,4907,2257961069,0,6449,280158,5208954,444438,0,547593,193117,0,0,84274,0,204,0,0,0,8,0,280779,110539,5659252,41,0,0,5712,0,0,0,0,0,145,0,66565948,61402035,0,0,134915,134915,15152,7918,0,0,145,0,0,0,0,0,0,3008023,1502175,0,262144,9954932,296712377,0,145,1026,1063858,2336576663,0,0,0,0,0,5,0,0,0,0,0,0,2348383292,3911,21780,3122404,2065356341,30254,0,336589,150646130,2834239,325,0,2839276,329,0,0,145,2839460,0,2834564,0,0,0,0,0,56,1,199,22664,0,0,0,0,0,0,0,0,1218123,4632,0,0,0,5928898,109925602,2446255,0,0,0,193,5928898,109925602,0,0,53770,4050,30758,26708,26708,0,0,100512,0,0,364,0,0,0,0,0,0,0,59,0,59,0,0,0,0,0,0,0,0,0,0,0,0,0,0,0,0,0,0,0,0,766,46,0
1781124971.001867,1867,ubuntu-rog,1,0,0,9506411,6449,280159,5208954,444438,0,39,0,0,0,0,0,2256801777,0,0,4907,2257961086,0,6449,280159,5208954,444438,0,547593,193117,0,0,84274,0,204,0,0,0,8,0,280779,110539,5659252,39,0,0,5712,0,0,0,0,0,145,0,66565948,61402037,0,0,134915,134915,15152,7918,0,0,145,0,0,0,0,0,0,3008023,1502175,0,262144,9954932,296712385,0,145,1026,1063858,2336576680,0,0,0,0,0,5,0,0,0,0,0,0,2348383342,3911,21780,3122404,2065356342,30254,0,336589,150646130,2834239,325,0,2839276,329,0,0,145,2839460,0,2834564,0,0,0,0,0,56,1,199,22664,0,0,0,0,0,0,0,